001336_jpg.rf.88da8ec89e7e5510ce34f68fcc57b18a.jpg 120,0,343,315,6
000344_jpg.rf.88f7befccec863f4e40d4ff47400b8f1.jpg 0,0,640,640,3 140,57,180,204,4
000447_jpg.rf.889ce2e5f8f63f5dbc08f033d09e88e8.jpg 246,346,379,537,5
000068_jpg.rf.8807bdda20eb3001b178a585256e5742.jpg 0,0,349,181,3
001082_jpg.rf.86e839bdc9fac29e05a658a06ed18e73.jpg 375,131,425,282,5
000062_jpg.rf.8c4d55b786dc9008370afa2b944b3e51.jpg
000952_jpg.rf.86cdeb38ce2deb2dee5af3b404a4efbb.jpg 332,263,377,350,1 128,254,192,349,6
000158_jpg.rf.89152c70c16edc7468e505483d048ae4.jpg 277,305,323,395,6 326,286,361,342,1 417,420,639,640,3
001592_jpg.rf.86e6848d4a455ae59268d52acd52ee57.jpg 88,252,498,531,1
001285_jpg.rf.8aa785db09e06e4d490a33859f4a995a.jpg 300,69,495,272,1 424,377,481,496,1
000678_jpg.rf.8c18759114612e07560fe4bf6c3abcd5.jpg 287,0,358,147,6
000189_jpg.rf.8983987b90fc1205b0b4fdd86fd56506.jpg 319,157,371,313,4
000903_jpg.rf.8a27000add9d1248b7d15f418b7e65ee.jpg 420,326,555,538,6
000104_jpg.rf.8b6e2ae58e092dc8767d0c197aa2b7a3.jpg 272,16,324,260,1
000608_jpg.rf.8a93fcfbccb378e9f011317bd8d269e4.jpg 544,348,639,442,1
000482_jpg.rf.8a3e4edc20213958b864823de07f4704.jpg 366,453,427,566,0 229,40,297,147,5 240,262,315,394,7
000432_jpg.rf.88df8ce314a37ed9f2d7f200059295b7.jpg 275,491,388,619,7 157,84,258,333,7
000310_jpg.rf.8ad77c72008ed07f4db3135396391804.jpg 355,244,381,364,7
000706_jpg.rf.89171fcf085055b3d45983a1cdfd805d.jpg 314,276,344,369,1
000606_jpg.rf.8b76458d84a40f3ee8386f39c641867b.jpg 260,551,326,639,7
000404_jpg.rf.86851fad76ed1034e92f7b4e2628f4ef.jpg 217,0,283,72,6 191,315,242,421,7 525,284,571,364,7
000140_jpg.rf.88c7bdbc975a04c8d4cbe27e7db06815.jpg 455,29,532,65,2 399,254,468,375,2
001350_jpg.rf.8a19d406a943c5d216036d44dc85008a.jpg 349,141,387,259,4
000885_jpg.rf.886c984dad1da021ae18498629746509.jpg 343,80,433,276,6
001282_jpg.rf.88ae634a98ecf24156caf45b467fb587.jpg 197,399,266,532,1 17,340,53,404,1
001618_jpg.rf.8cdc8ccd0a5e413e9a8617589b632073.jpg 419,361,475,510,1
001301_jpg.rf.8ca95d1375fac38a9a91028998cfbe4d.jpg 0,21,204,156,1 39,324,114,427,1
001163_jpg.rf.8cecd7417d518ac124109269135bfe6b.jpg 183,176,337,640,2
000300_jpg.rf.8d11c093369cd27016a6ce94e29d046b.jpg 364,449,479,640,3 27,0,84,129,7
000255_jpg.rf.8f26d289d1dff810a19c75a8e2e9a0bb.jpg 459,381,563,639,3
000377_jpg.rf.8e1825e7ccce6b6167044427fc62c3f5.jpg 161,180,208,258,5
001098_jpg.rf.8c869bd3042e610890682ae16cc6b19c.jpg 483,568,512,639,5
000650_jpg.rf.8efb2fb2028f9dbb4028e32e9bf7132e.jpg
000037_jpg.rf.8fd13404539bce50c9986e0fff18648e.jpg 404,223,442,333,7
000498_jpg.rf.8fa8698909d77320951e60ee0c8881f8.jpg 248,131,385,447,5
000317_jpg.rf.8ec614205fd17fd34b6028bc5690383e.jpg 171,0,470,640,7
000031_jpg.rf.8f2baf1cf694912cf8310867e2846f38.jpg 241,279,316,414,6 189,599,251,640,1 109,599,147,638,1
001188_jpg.rf.8f7f01e2a36649cdf73d3262d6880232.jpg 283,394,424,546,5
000917_jpg.rf.9004269753b723e2c87fb25a9758865f.jpg 149,317,191,409,1 597,483,635,607,1
000600_jpg.rf.90447c7ec82096bc2eea6ea2e1796983.jpg 314,222,353,298,5
001267_jpg.rf.8cfaf787e962b0beed73da61c90be01f.jpg 340,468,466,639,3
001147_jpg.rf.90575cd29c637858ecab3cc81c32dd80.jpg 443,0,640,640,2 149,351,220,516,1
000894_jpg.rf.904d04f8e6a3e917675be98330b9c337.jpg 16,110,226,384,3
000301_jpg.rf.90f52c970fb56032832bf9af79809b82.jpg 53,0,403,278,3
001429_jpg.rf.90e93fad26aa728952d799592ee06b66.jpg 379,146,478,237,1 123,321,169,370,1
001365_jpg.rf.8dcaa519af69cad34a804b3f285811de.jpg 22,399,66,460,4
000545_jpg.rf.90c367476a5ec88006e691f3629a1062.jpg 359,411,485,639,3
000375_jpg.rf.91193b7b498710def22a53d02969f2e7.jpg 0,0,338,640,3 327,407,401,487,4
001440_jpg.rf.917c2ce453f3116ea3b644c32ffdcbb7.jpg 137,39,183,169,1 154,133,209,283,1 383,360,406,413,1
000578_jpg.rf.91b91369baa4d6cb976806277e20fa2f.jpg 424,381,462,470,0 176,247,237,373,1
000008_jpg.rf.925e22933a11cc8e5e7533b1d96ec4a5.jpg 203,320,232,392,7
000336_jpg.rf.920058c6605ac2a0e18defb6dba2949d.jpg 271,50,342,264,4 0,0,267,540,3
000500_jpg.rf.93862e000ff038624f86c5392cee88f8.jpg 254,194,390,513,5
001271_jpg.rf.93d35443deedbe6ee9c107ab179b978c.jpg 452,0,483,44,1
000808_jpg.rf.925750f2274531c421dc1e18e0e345e5.jpg 305,0,585,318,3
001680_jpg.rf.92f0789984f60d0a4eeef2090fb05e99.jpg 170,134,198,236,5 160,579,223,640,0
000557_jpg.rf.93dedd2b43e3dbc308e1b75dbe30adc7.jpg 137,263,209,464,1
000065_jpg.rf.927ec79cf2f946f5a2b28bf0d55a8cd0.jpg 367,334,407,462,5 366,114,434,273,7
000888_jpg.rf.946adfc4fa76dfb76beea8ce0a6d21b5.jpg 236,0,640,640,3
001046_jpg.rf.960ce1cbabb43ac3702f67add9a9f6de.jpg 389,211,421,330,1 79,288,120,358,5
001053_jpg.rf.946b62fb94683ef4b7e8c77a26212b5b.jpg 280,143,349,243,1
001264_jpg.rf.947689e61950da0ebfe50f5f45aa7df1.jpg 491,357,542,463,1 454,528,490,639,1 609,480,640,580,1
000805_jpg.rf.93b08ef0bd70ba7428d1af493f8e79b1.jpg 6,0,484,475,3
001654_jpg.rf.91188f237d42678fcd993f3f8645acdf.jpg 226,374,258,450,5
000449_jpg.rf.959e01c2ee59306d8d00a12fdb99198e.jpg 337,332,469,640,2
000275_jpg.rf.955a86628180d40e0d3732f35a1677db.jpg 457,205,523,388,7 499,70,546,121,5 406,72,449,204,7
000540_jpg.rf.947b7dbe708d6bf57dce36872776d594.jpg 160,166,206,318,4
000554_jpg.rf.960fd4092da3755d794c12cdfb63951f.jpg 423,356,463,449,7
000949_jpg.rf.9517016e4244ced666edd42ccf2b6635.jpg 302,11,498,194,3
000260_jpg.rf.93216bb811f25778677977729cfb33d8.jpg 0,372,384,604,3 446,0,640,524,3
000652_jpg.rf.964aee54e72b479a89b22d47a0479f53.jpg 86,488,134,639,4 310,480,361,626,4 393,557,440,639,4
001531_jpg.rf.964a341e46c4ac6c5a5f3352164540b1.jpg 140,346,303,612,6
000239_jpg.rf.96d2febc6952b719b129b9a0e0eca7a1.jpg 416,237,520,370,0 508,194,602,318,0 540,319,640,485,0 260,61,310,190,1
000912_jpg.rf.97206e230030a8956f05c0b78011d330.jpg 41,28,131,252,6
000425_jpg.rf.97ed6661ec8be198938ff90e009b3ef8.jpg
000193_jpg.rf.97706ba17ab0acd6a78398da566a5f1d.jpg 492,233,634,458,3
000295_jpg.rf.97f51f3bd1174a16ba0adb369ebf2a38.jpg 430,400,481,466,5 376,152,455,328,7
000147_jpg.rf.96d90485d0f2394712f4f745e2dca8b3.jpg 309,256,443,337,7 408,0,639,349,3
000895_jpg.rf.9832a62833a521e9bf28ed33838aa441.jpg 312,484,361,639,1 444,426,479,529,6
000848_jpg.rf.9a0220a899b31a2ff499b9d5d0dca583.jpg 0,0,640,449,3
000537_jpg.rf.98cff4c3e6dc77034f00c3f30b8b36b2.jpg 359,192,431,300,7 334,48,427,158,7
001494_jpg.rf.99e6af20208c633e1461420efab9c980.jpg 191,453,287,555,7
000783_jpg.rf.99dde6468c527d435ea0f1ad9a30ab27.jpg 520,73,583,289,4 457,372,541,420,4
000880_jpg.rf.99d936394e3d68e664b888268169df4f.jpg 370,1,579,372,2
000262_jpg.rf.9a093fbdbb2a41149592b34cc6f189b2.jpg 431,512,533,640,0 507,460,590,564,0 564,549,621,640,0 252,406,294,547,1
001136_jpg.rf.99a25c23e04d8c328323ffd7ac0773d6.jpg 317,272,438,417,6 120,159,216,243,1 34,0,78,72,1
000431_jpg.rf.96ebf84fca71892767422560de381a54.jpg 364,84,484,344,7
001056_jpg.rf.982cbe23b9d7dbadd4700efbeccb8213.jpg 415,0,491,64,0 440,409,472,509,5
000764_jpg.rf.9b4cb0a59c8ecd3e70839bbe49263815.jpg 540,326,638,423,1
000750_jpg.rf.9a2ab86727169ed86a6e3edb75ec99cd.jpg 323,287,378,393,0
000666_jpg.rf.9a79c5a4b065d7588cb1d6e90b46508c.jpg 232,189,264,314,1
000838_jpg.rf.9a7bb2421beba547861a70edd2d01378.jpg 247,516,284,583,1
001674_jpg.rf.9b04effca73cfc5cc1aad83105d9e5ca.jpg 451,100,487,173,5 363,394,412,527,1
000905_jpg.rf.9cdba293b88a2f245f9973faf9bd9c72.jpg 85,108,218,318,6
001360_jpg.rf.9c1676258b329e92cb5cc2a223a1e010.jpg 176,2,217,218,1 254,214,322,304,1 395,169,445,246,1
000039_jpg.rf.9be1aaddfeba6efb4eb60ccc2c7181a0.jpg 205,314,228,366,7
000824_jpg.rf.9d3a0e8cfdca99f78be216e0a92ff91f.jpg 319,466,386,575,1 194,596,266,640,1
000101_jpg.rf.9b7eeac42b906b5eaf1886895b047b92.jpg 192,321,437,507,7
001463_jpg.rf.9cdfc744456ebc5958419ced06571919.jpg 209,331,289,613,5
000428_jpg.rf.9cba431dda2a58df9e6f9b3a7481b7e3.jpg 359,0,495,230,5
000025_jpg.rf.9da3766eb9ece5e68f2279bd9ead64e4.jpg 118,277,193,349,3 126,358,230,623,7
000298_jpg.rf.9b948602e78428186d0753f4f4500509.jpg 203,23,269,169,3
000682_jpg.rf.9dc9d13dafca02deb17f5ba4a1c4716e.jpg 269,5,416,559,2 273,4,419,573,2 278,342,379,586,2
000146_jpg.rf.9c822721ee199a7c25a2127ed7882de7.jpg 289,268,491,338,7 383,179,640,640,3
001551_jpg.rf.9e71a829d9fca79ed14889e31f9fab08.jpg 66,540,220,584,2
000780_jpg.rf.9f84528708d6a6e7f500c366a09cc42c.jpg 314,0,382,92,7
001176_jpg.rf.9fcb271a0d9211a28764abe2185c85a2.jpg 454,449,619,567,5
000561_jpg.rf.9edb7858d1c23770a38fcc2578d51f7f.jpg 269,91,401,550,2
000290_jpg.rf.9de8ff690b49036f30ef31b23fb80e9e.jpg 139,0,448,246,3
001441_jpg.rf.9f9e9c41cf9c547be1f86a3953832187.jpg 434,148,486,282,1 460,37,498,169,1 233,344,258,416,1
000793_jpg.rf.9f23b498e5f4855f9176df94ae1070b5.jpg 359,365,392,428,1
001610_jpg.rf.9c29dac00d4ac357d3626f2a63fedd3f.jpg 441,224,533,419,3
001548_jpg.rf.9eef2a734d7f7616ecc9eff040ed009d.jpg 397,170,539,261,2
000362_jpg.rf.a005c57f7ad0ac16c2633c4e863775eb.jpg
000474_jpg.rf.a04ca782349256297439ce1008ac0a39.jpg 284,223,327,300,5
001528_jpg.rf.a1509b81f321365234756459db025371.jpg 188,296,342,523,6
000136_jpg.rf.9fef39778f82f3952de8bd14021630c8.jpg 0,0,490,640,3
001242_jpg.rf.a19a759a9bf853fd04767fa8bad01ff7.jpg 64,177,124,315,1 2,89,94,224,1
000926_jpg.rf.a203dfc419266fb82297e3b0bb196cfe.jpg 511,154,639,488,3
000203_jpg.rf.a16edd9263b837116028aaed55d27986.jpg 19,14,506,488,3 221,243,379,384,7
000248_jpg.rf.a1f90365c05e6388a91a5340d9ca0dfd.jpg
000468_jpg.rf.a1bdd644921d22d2b54663970bba89cd.jpg 286,169,366,303,5 160,20,229,153,6
001273_jpg.rf.a27e2affe960157ba70d1a85c8279d1f.jpg 74,271,126,329,1 261,280,299,312,1
001475_jpg.rf.a184a501c97beaf0cb8ad11aeb2b6eb9.jpg 143,111,557,392,1
000198_jpg.rf.a285a029c217fe014a3dee468a2bf226.jpg 346,91,384,238,1 116,0,215,130,0 20,0,75,93,0 51,81,133,184,0
000853_jpg.rf.a380808439415077565ba1bbdbfa0ede.jpg 321,334,388,513,4
001021_jpg.rf.a3ebf3747ef04c83ccb6406e250fa22c.jpg 331,84,432,296,1 0,192,33,321,0
000403_jpg.rf.a3efa822552b9d9abb121881db2c45b2.jpg 357,0,421,72,6 399,317,448,421,7
001265_jpg.rf.a31ea034a837359a148fa64b3c3636cb.jpg 455,0,491,116,1 611,66,639,161,1 489,173,541,286,1
001563_jpg.rf.a1eee7b7ea49d7719140aeaf1578122a.jpg 257,219,310,374,1 274,357,324,496,1 320,232,392,440,1
001335_jpg.rf.a15f2362767da08319cea2896a7132fd.jpg 120,328,343,639,6
000014_jpg.rf.a2fc640d248074d54cc48d64bfaf3552.jpg 344,393,370,483,5 507,23,531,105,5 222,2,250,429,2 459,24,539,204,2
000230_jpg.rf.a2c00b7925e807fc537c4d3ef82121e8.jpg 434,283,458,353,7
000138_jpg.rf.a2f96d14f2359b0aa20ce1677e963d1e.jpg 223,129,332,371,6
001382_jpg.rf.a27b3004a619269391c0900ccfdb6ea3.jpg 0,0,149,167,4
001255_jpg.rf.a3ca2874758437dc790a981f8746c678.jpg 197,24,450,362,2
000374_jpg.rf.a38972e8201e9e856ce3c6addf8a448a.jpg 0,0,438,640,3 326,119,438,232,4 256,439,300,580,4
000131_jpg.rf.a41a4c637434151607c6e4da1a6f5af5.jpg 100,60,180,166,4 283,466,329,640,4 214,328,289,376,4
000549_jpg.rf.a44490fe3825346ea9bfd9d610f1a85f.jpg 277,23,386,150,7
001432_jpg.rf.a44a558d4e79cd02718eff2c3ff285e8.jpg 196,263,229,378,1 201,331,259,462,1
001513_jpg.rf.a486e1950afb835d1ea96bc035ed4569.jpg 226,519,275,640,1
000061_jpg.rf.a4cf7daa8ca715db37bdbb847db26063.jpg
000400_jpg.rf.a574920b6301c0a37632a1ae6a6d2db0.jpg 239,245,515,565,3
000237_jpg.rf.a4e9859c9d4141a80d5a7a01ae29e7ae.jpg 279,0,640,173,3
001442_jpg.rf.a4bd5733efa92b94ec032bc9b6a5c70b.jpg
000909_jpg.rf.a5300490d00c7089202be9d5b23b2058.jpg 0,0,355,616,2
000524_jpg.rf.a52bb58ca1c7f92c85d9aec0329e0bb4.jpg 183,8,443,482,3
000072_jpg.rf.a5848070491c0e555c9156efc4c28620.jpg 244,354,283,408,5 291,532,324,624,5 159,117,258,560,2
001523_jpg.rf.a7c363541406d0acc56504567541e6da.jpg 171,28,375,356,6
000292_jpg.rf.a89035a6e4f191c0b71dc8667cb141d4.jpg 197,379,506,640,3 159,214,218,486,7
000501_jpg.rf.a614e7ea38418fee3872e3372aa27182.jpg 192,449,241,604,7
000178_jpg.rf.a8e316e26032e5c01ee28191fe0b8454.jpg 280,0,475,400,3
000046_jpg.rf.a8a0a98fc75fef11db32a34a98b66871.jpg 254,153,445,267,2 357,246,377,329,5 272,441,317,504,5
000683_jpg.rf.a73965f47ec2cd73f0a092c766938a61.jpg 225,0,372,569,2 286,423,348,583,2
000353_jpg.rf.a5f02c6a78c17cf76d5bdad8ed6a98dd.jpg 98,70,142,121,5 196,83,232,172,5
001439_jpg.rf.a821484fe005b02f918134839d9d7100.jpg 153,360,206,506,1 140,472,178,604,1 381,220,407,298,1
001515_jpg.rf.a95178642d4969d79b2fe7237067e7d4.jpg 365,94,483,265,4
001377_jpg.rf.aa6ce0658f1e6f80492d8a0a902f1a5d.jpg
000265_jpg.rf.a93c35428ff5b86004044e44bb04d136.jpg 254,224,376,407,3
000294_jpg.rf.aa1934fd8c0dc90dcb1d19ad8bbc9c6b.jpg 386,315,452,461,7
000075_jpg.rf.a6e7c51de4403d995fe2cc4a823f7eaa.jpg 303,0,640,180,3
000407_jpg.rf.ab06989ace73547295b8c6af21b49866.jpg
000174_jpg.rf.ab44beec5657ad957172b6c99e48ce60.jpg 353,146,623,397,7
000845_jpg.rf.ab5c9f19f7363439b7d95379ea1b9d31.jpg 173,139,395,523,4
001380_jpg.rf.ab8d4c697c6741dc13b0d2e321e36c4c.jpg 456,530,549,621,4
000890_jpg.rf.aab0262fd39d749eaf9e5ea1662a712d.jpg 256,240,354,267,2 411,248,475,282,2
001669_jpg.rf.ab8626159d7920391ba4e7e2177587a4.jpg 164,388,416,571,3
001298_jpg.rf.ae3dda76c2868fb692cf08217497e2d9.jpg 87,0,230,124,4
000900_jpg.rf.ade3184c490747288a8856def8217117.jpg 366,484,407,639,1
000875_jpg.rf.ad0675376a5b805ed9c43367e4f2762e.jpg 273,384,395,639,5 265,334,632,604,2
000569_jpg.rf.ad7dfdd49f5e31e027696812871a7794.jpg 431,247,509,307,2 0,96,32,135,7
001452_jpg.rf.ad0de4790011d404516ca898122306a8.jpg 261,420,339,567,1 434,543,472,606,1
001121_jpg.rf.ab6ce19ae521405538a7bfddfa799943.jpg 586,8,640,308,1
000058_jpg.rf.acb94174d3c98658f016b240982603e1.jpg 204,199,262,274,1 63,233,127,358,1 84,0,133,84,1
000086_jpg.rf.ae7c43dd232b387d90c5e13a333a8651.jpg 333,3,463,518,2 79,251,110,326,5
000665_jpg.rf.ae1e0d5646af836017e0d93585e6e6f0.jpg 248,195,295,322,1 237,329,261,446,1
001108_jpg.rf.ae61bb774cc2afd9dcc9ae7ad5971a8d.jpg 179,124,218,219,1 186,28,295,116,4
001535_jpg.rf.ab66b425385987dbb5e9d6f077c1ae8a.jpg 239,246,400,478,6
001034_jpg.rf.adb6d48985a0ebafeb7ac24eb9ad14c3.jpg 129,394,181,442,4
000241_jpg.rf.ad295a10e6724bf8c57da61a4e610f62.jpg 281,26,310,150,1 0,117,175,639,2
000506_jpg.rf.ade6b895e89bdf8ef9efc4248fbbe64a.jpg 402,185,434,271,5
001458_jpg.rf.ac5f3fca1c65d82cbc2af93888b844b7.jpg 103,126,166,245,3
000346_jpg.rf.aea3a904c2c80eaf07022fe05004bb56.jpg 311,173,507,349,3
000401_jpg.rf.af16dce9b7122e29e226a4e042050107.jpg
001131_jpg.rf.ac683e68c006ff153cfa50656211ecc3.jpg 529,0,640,492,2
001257_jpg.rf.adaa379d2f22f099baea1b68dde7ef6c.jpg 336,266,394,324,1 220,21,296,216,1 169,97,246,229,1
000236_jpg.rf.af22bc788a068e149877d9eff4e0e4ae.jpg 0,0,369,287,3
000719_jpg.rf.ab26dd1eddda145b3d2520b98e0e7952.jpg 389,311,420,435,1
000010_jpg.rf.ad7688da23c0087a085fa85b38de1b21.jpg 498,177,570,293,2 535,461,603,506,2
001344_jpg.rf.af48c74e493356ca45b4a8dfbc87db08.jpg 377,243,473,421,1 503,383,595,453,1
001465_jpg.rf.af04d87ea234a0695c5a636825f861bf.jpg 352,34,431,312,5
000615_jpg.rf.b09da8f25a2df09d27ccc5035dca3fc3.jpg 250,209,323,305,1
000108_jpg.rf.b0d09841fd24752bfa25389055a7021f.jpg 306,131,418,369,6
000392_jpg.rf.b0e6afea2e956e20a49ba1549639c8f8.jpg 191,86,239,194,7
000020_jpg.rf.b17d3face88b95c15bfa485c4d288107.jpg 194,474,236,613,5 157,260,227,423,7 114,41,158,127,7
000640_jpg.rf.b190a3ca0091061ec840a5421d5c65c3.jpg 202,183,238,275,5
001416_jpg.rf.b01ee6d4408ed7f66d03c56a6bae5d9d.jpg 304,277,350,379,1 352,272,394,417,1
000357_jpg.rf.af765aca26c544cff9d71228742e62bd.jpg 229,85,640,328,3 0,113,176,532,3
001321_jpg.rf.b1263b4e17a57433111f2019d6c84915.jpg 443,320,537,396,1 532,341,563,425,1
000902_jpg.rf.b08bcbecb20bc7062e13dcf47fd2187b.jpg 376,329,414,454,1
001185_jpg.rf.b18a3b1386638349410027ee5d3a3833.jpg 400,359,432,432,1
000156_jpg.rf.b4d13962e6469cedc25dfb14f072289c.jpg 439,0,503,153,1 486,326,629,498,0 397,444,567,610,0 404,479,576,632,0
000603_jpg.rf.b40959115834fe72aecad18e38fc10c5.jpg 299,287,394,433,6 76,563,120,632,1 266,620,312,640,1
001287_jpg.rf.b1e2b4aa65fd27a52241991cb67e127c.jpg 199,118,251,187,1
000098_jpg.rf.b194e4d94fa04984429296c54b87727f.jpg 123,295,167,364,7
001048_jpg.rf.b1e0a5e4c22de088ecbe6fc32278d5e8.jpg 414,495,469,565,6
000830_jpg.rf.b292984282354877daaf2ca9a152d8b3.jpg 157,65,287,255,4
000703_jpg.rf.b1d81fdc4d32fa1f6a448158435b99de.jpg 520,346,561,403,5
000114_jpg.rf.b590fbdb1dee527e00762af4568011dc.jpg 256,174,335,275,6
001038_jpg.rf.b52d17d598dca1a490cc549c5868631f.jpg 177,176,246,374,3
000297_jpg.rf.b13d35cd7460f4f2e290e1b0d02e6dbd.jpg 163,0,640,640,3
000415_jpg.rf.b525e220508f2e3f8d8f2688635e870f.jpg 403,360,457,450,7
000016_jpg.rf.b37bc928b32c8cbb5e0348ba32e277ec.jpg 274,160,296,246,5 109,533,140,617,5 386,179,419,636,2 214,64,397,183,2 213,4,310,161,2
000330_jpg.rf.b45b66b3a14931bb8d811e6106ba124f.jpg
001576_jpg.rf.b5604851e26c9994ae915c4dc5f2a3d2.jpg 100,120,443,295,1
000107_jpg.rf.b23079f12d6f79905488f0355f46f5fe.jpg 389,294,447,326,2
001227_jpg.rf.b669288c98befb0569e9daeb8b507633.jpg 246,306,364,623,5
001090_jpg.rf.b6f11c6c8b1f5ed4d32b13e87353be19.jpg 416,141,464,217,4
000006_jpg.rf.b696dd4dd7b3d31ff31e55efa0bdf118.jpg 404,229,442,326,7
000467_jpg.rf.b6f537c2f437c0ee3aa2f56e9c9a0b0a.jpg 272,173,354,306,5 424,20,482,150,6
001200_jpg.rf.b81aa898bbee843f2192e74d0a72d9db.jpg 0,0,446,589,3
001072_jpg.rf.b71a9ce9a039d4271582fd086d9a0b71.jpg 207,193,271,271,1
001073_jpg.rf.b872cb65d0631e3a2c89608cef6ad00d.jpg 469,121,640,639,3
001347_jpg.rf.b7913171d01c5148f9b6ddfd3fd9a1a5.jpg 126,276,249,640,5
001389_jpg.rf.b8b800d880d9b7633b679a22a5efff0b.jpg 235,212,291,301,1 403,180,441,318,1 411,9,535,141,1
000521_jpg.rf.b828ca46f49f36eaf116000bcb884613.jpg 0,24,224,422,3
000303_jpg.rf.b89fe69c8de7f839d96b528418a924ce.jpg 160,313,412,606,3
000749_jpg.rf.ba76dc020cdaf63568907a1f79233032.jpg 320,249,380,357,0
001421_jpg.rf.bb3f6313c805b83b8abcdba50318ec69.jpg 417,123,510,218,1 173,299,215,355,1
000494_jpg.rf.ba98c27402acfc63eaef0f6275ad6ffb.jpg 97,205,152,308,7
000270_jpg.rf.b942b4b4088a4cf7e3c2a9ec9e59a81a.jpg 211,429,247,506,7 358,50,426,88,2
001585_jpg.rf.ba714379aace55e73304c36692afc060.jpg 51,192,535,507,1
001118_jpg.rf.bb99341dc7993b1a011292511ef94533.jpg 0,100,486,640,2
001520_jpg.rf.b953efb4d47a5dfbf1261f2f3973831c.jpg 259,257,408,484,6
001030_jpg.rf.b963757325f36f03b2439202906c0ed4.jpg 254,312,289,457,4
001607_jpg.rf.bb7f82bf055549224f2193cd8c4290e3.jpg 0,110,626,498,1
000081_jpg.rf.b89fc76a9703d3026a1be6c926b0b603.jpg 597,427,640,548,2 567,339,589,375,5
000526_jpg.rf.baeb5b7ac4d147e072c7c43b2b0b90dc.jpg
001606_jpg.rf.bce28ac1069f1136b9a79ad9c6f6b075.jpg 30,294,102,407,3
001068_jpg.rf.bb1107bf98b7e28b11f4b6a345a2434e.jpg 439,178,497,322,1
000204_jpg.rf.bc9c80d6857db9582f495072037fe7c1.jpg 228,139,339,298,5
001184_jpg.rf.b8d6f7ed7c2db89dc3cbde2d8ccc3458.jpg 399,209,431,260,1
001580_jpg.rf.bd4e6864ab6a74fad95d4c0f4887183c.jpg 73,23,386,563,1 314,240,576,478,1
000022_jpg.rf.b97ed3ee7ffd0f6b3f92dfca39290454.jpg 463,269,520,363,3 376,341,514,639,7
000009_jpg.rf.bd345aa1ca58e78e16f3a0683bcff2f5.jpg 68,179,142,292,2 46,479,94,506,2 143,323,165,351,7
001044_jpg.rf.ba349cdddd302b595675843f8db69aad.jpg 508,460,628,640,2
000048_jpg.rf.b8e1718854d2a289f786e7b780c1980d.jpg 263,314,288,398,5 323,139,366,206,5 386,3,415,368,5
000120_jpg.rf.bb9e16beae6b4282dd73ab4133d1890d.jpg 478,196,539,296,2
000128_jpg.rf.be50a6b8f65b1d5074014411b7279eaa.jpg 264,290,416,388,7 245,221,376,294,2
000503_jpg.rf.be51ab0a798b25a2f28b5c04fc2ffb77.jpg 217,245,469,378,2
000515_jpg.rf.bdd9dde1267f42bf7d7e620306ad96c6.jpg 459,0,485,69,5 248,454,279,522,1
000382_jpg.rf.becac3288bae1747a832d740867e5e61.jpg 284,257,350,509,6 0,0,353,640,3
001195_jpg.rf.bf79f8f57e18026060aa3c5ad0fcb9b9.jpg
000957_jpg.rf.be9e02e38f000a0a48cd904d0215a418.jpg 79,116,292,640,4
000281_jpg.rf.bf05b9c1c447b2e3162437bfda7c54aa.jpg 92,0,148,209,7
000887_jpg.rf.becc689cb6214ea38acd8c55b8b1e731.jpg 240,0,640,640,3
000584_jpg.rf.c08bf369d16438d6dd1704f895b4507b.jpg 291,561,356,639,5 397,163,450,263,7
000613_jpg.rf.c0e2346d79b517bb300fc1807bf6d433.jpg 317,339,379,432,1
000355_jpg.rf.bffc78db8c4ebaceb8837dc8e1b4d83a.jpg 104,41,219,213,3
000218_jpg.rf.c2538bfdacd0e18a6add54eab5a11c36.jpg 104,0,436,636,3 135,100,245,346,2
001102_jpg.rf.bf950e8f17ffc4fbcf46d364a66e4832.jpg 0,0,510,640,3
001483_jpg.rf.c08b515036c5dcfd6067184f32a0dd88.jpg 237,217,318,481,5
000013_jpg.rf.c1a309909145344006a8c9553351f345.jpg 271,391,295,479,5 109,29,135,104,5 390,4,421,458,2 231,470,393,578,2
000939_jpg.rf.bfdf3d91da49a1d5222b195b68ecd16f.jpg 297,248,370,342,1 188,371,258,470,1 297,474,347,639,1
000210_jpg.rf.c36c8f8590389ae4f91dd4a3fdd34b91.jpg 186,0,520,640,3 191,214,245,357,2
000489_jpg.rf.c2f73a147026f3c25ccb17572ad890ac.jpg 289,257,357,510,6
000322_jpg.rf.bfe95f8d346d16145e119852b372ab33.jpg 104,240,139,301,1 37,0,279,210,2
000517_jpg.rf.c092b386948f4b9b510074799c5652cb.jpg 218,572,282,640,6
001345_jpg.rf.bfae9f00d29da29281f000404340987b.jpg 168,241,262,421,1 43,391,137,453,1
001584_jpg.rf.c1825d7a213edc781dfbc3b2d52058f2.jpg 103,193,593,509,1
000321_jpg.rf.c21cafa863820c9b456c9f752190dbf7.jpg 261,253,344,358,3
000227_jpg.rf.bf133638f19835e1c92927eca66e5f51.jpg 56,360,412,640,3
001388_jpg.rf.c2b726d0c7cb8c6244aca801512b2fbf.jpg 347,217,404,301,1 200,181,238,316,1 103,12,229,141,1
000987_jpg.rf.c1e3d2d62d2f6b23116fbdf125f4924d.jpg 323,400,377,506,1 60,414,140,530,6
000462_jpg.rf.c10532f5ea47e7a0154c9a8bd711f815.jpg 347,232,373,341,1 280,299,320,358,5
000828_jpg.rf.c267b15b396efa5c09f43d692153d9c8.jpg 349,386,489,578,4 389,176,474,349,4
000984_jpg.rf.c400160fa5a027522bbea4dd7f8c87f4.jpg 527,481,601,565,1
000176_jpg.rf.c3b2df4c06938f261b8d58005fb30f4f.jpg 136,0,640,640,3
000272_jpg.rf.c448d6294ab8fa2e4eea664a6ca065c5.jpg 359,79,488,591,3
000753_jpg.rf.c397b5763ad5c615dc1262e34816707e.jpg 86,387,129,553,1 66,96,161,179,1 482,559,528,619,5
000094_jpg.rf.c45a3ab42bea594d4ec46a9a42c6cad6.jpg 368,370,479,598,7
000247_jpg.rf.c4c153e98090a3a858d401d9ba2d72ae.jpg 386,0,443,338,7
001223_jpg.rf.c43c5c7ffdf39eef2f5c219dda50d0cd.jpg 409,227,444,370,1
000732_jpg.rf.c3f84d41f2e7acdcf3ed44fcbc30ba00.jpg 178,286,262,435,7
001065_jpg.rf.c4b7b7099478ea45ffaf4c227a474343.jpg 183,480,220,549,1
000057_jpg.rf.1181dd2c0bc20ec7ba5745d57cfcf135.jpg 374,196,438,275,1 506,0,555,84,1 512,234,577,359,1
000268_jpg.rf.10e356ebe4c4e308ff94cb9f64a7947f.jpg 454,0,639,500,3 0,323,398,543,3
000897_jpg.rf.124d957b8fdfa8feaa4b0d320e5bbf1f.jpg 160,114,204,224,6 285,8,328,159,1
001583_jpg.rf.0f32680e125441b00482693ed02b417e.jpg 101,134,596,450,1
000689_jpg.rf.120d78130212d9ad6b2b592e5b3ddfc6.jpg 345,127,405,259,5 314,356,371,448,1
000595_jpg.rf.11dcc1bf353b6f0dfd63ebafbe17ec83.jpg 164,403,230,429,2
000505_jpg.rf.0ea9690b41bf43d27e8bc6ae86f3180d.jpg 236,517,298,626,6
001410_jpg.rf.0f1ca59440ca9f078d5aaa743389dcd2.jpg 236,0,275,153,1
000481_jpg.rf.0e58073c0f2e6f37cb23dbad9906f559.jpg 256,121,312,233,4 340,445,376,578,4 281,0,639,640,3
000405_jpg.rf.0e7e452195be35104f9917e9bcc3385d.jpg 273,19,432,288,3
000856_jpg.rf.0f56b2703ef393e6eef484a647c0d669.jpg 410,514,552,639,4
000274_jpg.rf.0fad5735d833cc902feb56930f402554.jpg 0,16,460,640,3
001621_jpg.rf.122d8fbc3f7ca01e2c79102e70272656.jpg 226,16,637,618,1
001319_jpg.rf.100d1d681b0f18e8fb28068416b8feea.jpg 79,217,195,319,1 117,246,195,317,1 79,215,106,311,1
000760_jpg.rf.0d980d95eda845c88e5b58751f3a0f84.jpg 339,229,383,297,1
000645_jpg.rf.1134aedb2f40ad23dda534c7e30cee75.jpg 436,236,529,252,2
000457_jpg.rf.10759d13bbc1769c57938447daa2a798.jpg 243,477,344,590,2
000705_jpg.rf.0e62f76637baacde48b5543ab3501442.jpg 301,215,344,368,1
000990_jpg.rf.0f959e3921bdcc3bd6fdb1eaf089adfa.jpg 246,133,301,263,5
001518_jpg.rf.10c5f12f6d8543aa1e74f3c41245f7ef.jpg 104,10,467,639,2
000222_jpg.rf.134e30eb3bbd45f7418715389c4f70aa.jpg 0,0,640,575,3
000662_jpg.rf.1030e13fbe36f5cb56e8f895ff0221ca.jpg
000574_jpg.rf.12e2d9e6929dd76e24b0b9ab4a4292e4.jpg 194,103,264,223,5 357,412,421,508,1
000306_jpg.rf.12b61840c3a70223453499ce89f158b6.jpg 262,135,305,182,5 99,153,220,366,7
000539_jpg.rf.1039cc5f49f6ef5c74da8bcbd3f35776.jpg 426,169,483,334,4
001451_jpg.rf.0f184975303acbc0737ac02d8fae5eb6.jpg 264,71,342,207,1 432,36,477,109,1
001454_jpg.rf.13ec32f399d7e9abb207bb61be13fae4.jpg 162,286,234,418,3
000670_jpg.rf.12fe1bb027edb3a2ac13d94027be7527.jpg 424,328,484,392,6
000394_jpg.rf.1464220f1f24402d6a41e1be94cc1a6e.jpg 321,126,390,247,0 339,514,408,629,6 37,51,92,129,7
001174_jpg.rf.154d9b5347d0cadfa4fccc96d10e1a35.jpg 275,560,301,586,1 286,614,324,639,1
001370_jpg.rf.0e173a62958e0bc82869379c988de863.jpg 264,505,334,617,3
001137_jpg.rf.108d09fe6d3381eab51d070daada5b67.jpg 477,241,639,321,2
001081_jpg.rf.13796c809fb9f921455da45117ee2c4a.jpg 0,0,290,640,3 531,419,570,529,4
000476_jpg.rf.156816508cdabf71d014efa12dfe5e9e.jpg 312,343,354,420,5
000340_jpg.rf.142da2c8e4b491aa9133d95878ef4181.jpg 0,480,310,640,3
000304_jpg.rf.15e6795f37e88944c143dc0d33132b8d.jpg 163,149,241,400,7
001567_jpg.rf.14adb9bc9fea96b05562e8724c0ff0db.jpg 120,334,543,639,4
000325_jpg.rf.15da99c0d9b4fdddae7088b476aa1ec6.jpg
001507_jpg.rf.155ad79c276925a6b718bbc421098e0f.jpg 223,496,361,640,6 554,164,639,301,1
000169_jpg.rf.13502d22a2248b631eae7a6cd843a072.jpg 290,417,364,639,1 351,75,442,231,0 336,0,418,76,0 248,0,342,89,0
000523_jpg.rf.161423ce9ace1a8da1815b70283887dc.jpg
000202_jpg.rf.165554cf9b59f428029f1c8d2e2200c2.jpg 247,245,477,402,7 34,17,630,418,3
001130_jpg.rf.1670c51919b321819cdecf6517609207.jpg 0,0,120,495,2
000115_jpg.rf.1631b10650db71e10308affeff38e02b.jpg 354,46,481,275,6 72,258,180,462,6
000736_jpg.rf.1755ca7ca3fa98097c2e2399c942954c.jpg 608,96,639,137,7 123,244,210,307,2
001134_jpg.rf.1866900ccc215f31502be629cf1a6177.jpg 337,369,638,640,2
001393_jpg.rf.168280e6ef9b5bd7ba85265f45501fdc.jpg 584,0,639,173,6
000570_jpg.rf.181b590338391b40e4278f6f8582159c.jpg 426,332,515,397,2 0,506,60,546,7
001018_jpg.rf.17fb4a5f6f0271aa85162c2ff4f6d776.jpg 238,151,314,274,6
000117_jpg.rf.17d5ecf49aa447321a76068bd55a315f.jpg 372,16,640,334,3
000711_jpg.rf.17a69227e0b53a738801de0a1fa81cfe.jpg 280,306,403,607,5
000316_jpg.rf.1760a5dea18e359043b03d3c822288b9.jpg 272,356,508,635,3
000383_jpg.rf.18e9c5c69969698d05ad924f9cdaa9b9.jpg 283,133,352,375,6 0,0,355,640,3
000446_jpg.rf.198d42076cdee11f37384d84206f6479.jpg 234,109,388,272,5
000469_jpg.rf.1c8791e526d908ad4e44aa82006ba87d.jpg 9,0,567,272,3
001477_jpg.rf.1ad7b04bedc1a3ea14a3beefe2675f5d.jpg 81,250,501,532,1
000688_jpg.rf.1abc10c1fc073b985dfefc3918f0673e.jpg 192,127,484,621,4
000324_jpg.rf.1a413f1407bd91d3796143108de4104e.jpg 345,119,388,165,5 360,432,607,640,2
001052_jpg.rf.1b1a47a7a6a5e887577cf6426b1870dc.jpg 279,137,366,258,1
000280_jpg.rf.188a87980b8a83ec983f5b1ef5c080a5.jpg 119,339,212,640,3
001401_jpg.rf.19131db4f2390772432f125935dd05ac.jpg 186,266,303,544,5
000782_jpg.rf.1ace09eef4d6ce03aa1ac07eaf425359.jpg 63,72,123,288,4 100,374,183,418,4
001467_jpg.rf.1c80c3b18f8efa3d00eaa315bc220f92.jpg 362,461,398,531,1
000125_jpg.rf.1bd0de72d49d8dfc967f6b12dd099630.jpg 280,0,352,223,1 195,411,291,570,0 220,569,304,640,0 292,551,388,639,0
001323_jpg.rf.1cf12d21c3691eb65d3bef3b27a91221.jpg 516,205,557,305,1 150,201,232,259,1 97,179,138,260,1
000508_jpg.rf.1b93e89c37b1785f6e65c5272fe8b757.jpg 199,360,238,464,5
000149_jpg.rf.1d224eb7713c333c85b496c6adacd524.jpg 314,300,348,385,6
000541_jpg.rf.1cceeed4ea5e6948800414e3233f42cb.jpg 0,248,98,298,7
000893_jpg.rf.1b3d434dddeea1e2a5a465a25fcb749d.jpg 244,21,459,419,3
001418_jpg.rf.1dd5c7dd257c8548b9b5d8820365b13b.jpg 177,183,284,415,4
000012_jpg.rf.1d6144b5463b188886dc12f04b64578e.jpg 148,287,163,317,7 40,137,94,170,2 69,341,136,465,2
000030_jpg.rf.1fd09fd5706f8fdb02752fe2d60d5e71.jpg 322,279,398,414,6 388,600,448,640,1 492,600,528,633,1
001603_jpg.rf.1eb925d47babf017a2cb55f6045b7a67.jpg 0,0,615,427,1
000313_jpg.rf.1f0821e7cca2090f6bf61a69d43b8a88.jpg 323,489,360,640,1 502,97,614,410,2 486,307,620,533,6
000282_jpg.rf.1da870f48c554d4b4ecf5b9310865bc1.jpg 110,0,361,141,3
000242_jpg.rf.202095de2e9d90686bcf7f314c85901e.jpg 329,21,363,150,1 482,123,638,607,2
000704_jpg.rf.1fd40c6e64298c657fa98296026c1e7a.jpg 283,269,358,529,6
001154_jpg.rf.1d26718f1bd0517095f26d7da2b3cac2.jpg 340,260,362,286,1 367,284,408,310,1
000968_jpg.rf.1e864ebf87961178e2cc27b13f39e1ce.jpg 197,120,219,333,4
000770_jpg.rf.21527935f8b91eb7c50974a5293f656f.jpg 201,228,322,372,6 424,400,519,483,1 561,571,605,639,1
000656_jpg.rf.20b55ca9d5389763c37644ca6d98c658.jpg 267,184,308,611,2
001192_jpg.rf.216a591cb7749c4f9dc81769e07c661c.jpg 306,292,329,337,1
001283_jpg.rf.208bfe024a82949f07921c586236ba70.jpg 0,204,640,639,3
000487_jpg.rf.1ee58de2eafae20a945c18a5b3208642.jpg 220,109,272,217,7
000876_jpg.rf.2210964aacff13c651289037d234de88.jpg 273,0,395,258,5 276,43,638,304,2
000183_jpg.rf.1ff4c6cba01b87d55aa802768f99085d.jpg 540,153,640,329,0 415,268,525,407,0 505,323,598,450,0
000998_jpg.rf.1e65a8218c721c5ce318ed563d508377.jpg 336,163,375,221,5 239,440,294,549,0
000100_jpg.rf.21d12feaf8dad94db588c8e0897a2fc6.jpg 281,140,439,264,7
000937_jpg.rf.219e817079f1225f19e54a47c85c35ad.jpg 0,40,106,266,6
000550_jpg.rf.21d9ccad5bc7cc1a3e395dad3a484059.jpg 281,274,350,519,6
001473_jpg.rf.2248992a1f0f026393dd6afdbb819c0f.jpg 207,102,247,174,1
000625_jpg.rf.1fe1b41cdd243cda31ff4400e1ebc04e.jpg 251,276,325,406,7
001302_jpg.rf.2228c0e982dbc67135b318409a6c822c.jpg 417,21,639,639,4
000223_jpg.rf.228b5b7bfdd6af3b556af0de9621ed3e.jpg 0,0,640,603,3
000395_jpg.rf.229acaa046cd1e315a3767d70cb7c7e9.jpg 325,11,408,136,6 376,365,426,468,7
001240_jpg.rf.237cc0deaa29aec564bea1694ed80218.jpg 520,326,573,455,1 544,419,636,552,1
001276_jpg.rf.22f0722558c9a2bd438fd159a13d5401.jpg 612,20,640,173,1
001529_jpg.rf.23816f3fb07f877b3c583b8edc062d26.jpg 297,297,450,521,6
000018_jpg.rf.22a9ed5fe48051af55cf78749fa119b1.jpg 407,49,448,170,5 411,221,482,445,7 479,514,521,599,7
000580_jpg.rf.23941fa0cd1f079361c2fe4acc368b85.jpg 199,114,235,179,5 183,386,227,475,0 414,477,469,564,1
000466_jpg.rf.22c97a5c41354b175ae0f25f75f3e16e.jpg 273,337,352,472,5
001564_jpg.rf.239a54f376fc3e7f4d834b3c72876f7e.jpg 271,146,325,287,1 257,150,323,424,1 320,204,392,410,1
000388_jpg.rf.23bfa8521eb2c93b0262e8682e973de8.jpg 247,216,287,260,6 251,243,305,312,6
000763_jpg.rf.23c64e41a93988012e81b7aff7cfa714.jpg 199,274,449,401,2
001045_jpg.rf.2573cd603135b90f6db8dc8777401b00.jpg 11,461,129,639,2
000738_jpg.rf.245e3ce5db12b0bdfd154c3ab3cef1b9.jpg 50,488,184,639,5
001620_jpg.rf.25217943e2ce3888798129b213c8111b.jpg 0,16,415,618,1
000302_jpg.rf.2487c40f9730b92e012f030ab6170676.jpg 108,0,416,258,3 414,224,475,447,7
000121_jpg.rf.262a0a3ce3d8186741e08bc1cfa608bd.jpg 468,345,545,453,2
000477_jpg.rf.23c0c0bb50c9dd7f546c17af7a3f5043.jpg 426,293,464,425,6 474,216,539,460,6
000913_jpg.rf.24508985a63056cc76e6bbaef891988d.jpg 506,26,574,240,6
000444_jpg.rf.273cc4a44ce4be534803e5984765c22e.jpg 323,241,440,639,2
001067_jpg.rf.25b2b6974f6125da346385e2f8c7307e.jpg 151,171,209,318,1
001249_jpg.rf.2423e16b453e5315f45e69f9965dab11.jpg 274,89,372,272,5
001142_jpg.rf.25dff91f2ec6f5b83abe50cd5fc4167b.jpg 117,218,560,632,2
000630_jpg.rf.274dfcc0a10a104010a869ad8abbcb71.jpg 374,135,436,221,1 496,0,537,52,1 503,181,570,305,1
000635_jpg.rf.284dfb01546769d2b699786a500cab69.jpg 326,483,387,620,7
000864_jpg.rf.25f1df25555c0e433912afd78b3c188a.jpg 243,184,352,367,6
000261_jpg.rf.27a9416b2f464c834d98c71832f9ca55.jpg 0,16,190,511,3 248,353,639,606,3
000381_jpg.rf.27f7693585afdf9c26c0daaa6f48f3f7.jpg 351,1,450,142,3
001522_jpg.rf.27213508611a0e7c956c75dc1da2190a.jpg 310,323,477,586,3
000288_jpg.rf.25c83dc5cc9befce022e474124b0f954.jpg 215,436,261,552,7
000988_jpg.rf.272326b2cafbda5734d0cd2b637d1c64.jpg 319,117,378,243,1 64,109,142,231,6
001598_jpg.rf.2757cafb66cea053e1d01647c8aefff6.jpg 351,167,552,530,3
000565_jpg.rf.29724dfcc4686ae285454c410a605743.jpg 389,283,460,423,7
000766_jpg.rf.2920ddc2dd87ecd2a4ea46871e927ed1.jpg 291,521,369,613,1
001431_jpg.rf.28b2f75b393ecf4cf10de02896a2ece2.jpg 202,179,258,315,1 193,264,232,381,1
001378_jpg.rf.27242a8af9ddf9aeabbb2afa5a7ae604.jpg 0,0,401,640,3
000343_jpg.rf.271fbe6581e1a4a7ffa97f283c5805a9.jpg 0,0,640,640,3 463,61,497,221,4
000672_jpg.rf.27fcc4fcf1811d5fb1238cddd3b57269.jpg 366,0,437,155,7
000834_jpg.rf.2ab3119ea33c0575ed2d545f1cb0b368.jpg 340,0,466,176,3
000067_jpg.rf.2a8e484d01b065bc47af924f5661c05b.jpg 332,347,626,391,2 319,244,398,275,2
000799_jpg.rf.2c849cb135ca316064369834bfb858eb.jpg 384,0,462,221,4
000668_jpg.rf.2b5a17ff0963114e36661365290925da.jpg 186,161,297,410,4
001041_jpg.rf.2a636d9330dd93f08ac877b029016e62.jpg 361,112,393,251,1 363,120,417,278,1
000868_jpg.rf.2b9306b38691289c5b29c4205e86a548.jpg 436,407,480,581,6
001438_jpg.rf.2c9fc693845118a6a7a4d8002539287f.jpg
001204_jpg.rf.2ce083a1e23ac3adcb0c327bff1f1282.jpg 268,309,299,367,1
000080_jpg.rf.2da080700ff1bea50c4b45f1703d9a8f.jpg 561,257,587,294,5 597,95,640,216,2
000032_jpg.rf.2cb7b476fb4f3fd35cb3f7f95ee3e582.jpg 241,229,316,364,6 191,0,255,47,1
000088_jpg.rf.2be1a001e55b5005270ff058dedb809c.jpg 191,294,255,325,2
000707_jpg.rf.2cded0a86bdc883495937f796849fd1c.jpg 297,280,327,370,1
000059_jpg.rf.2ee8e5c95a21162e78b99f73b6a6a95f.jpg 197,49,241,109,3 211,177,253,341,7
000850_jpg.rf.2ec122b6aa616d703546e501d79852cc.jpg 151,228,241,252,2
000187_jpg.rf.2c27bac43dcd888acf99272b1278281a.jpg 258,260,456,481,3
001248_jpg.rf.2a9d5991338467c34add14c24cf5b221.jpg 273,372,372,557,5
001241_jpg.rf.2bf5b75bdc6723a6f46d5bf6fdf7bb2f.jpg 545,93,638,223,1 521,191,570,316,1
000745_jpg.rf.2c3d99a7d6b49123f7438658ec9e7fa1.jpg 317,322,375,449,5
000533_jpg.rf.2fcdd77af7a75da753ec023f645a20cb.jpg 220,263,249,337,5
001530_jpg.rf.2e6ee666340f335c54170b1bcc17bc74.jpg 172,0,341,372,3
000483_jpg.rf.2fc80d6983d9f58eddef9c8b3927e184.jpg 369,80,426,190,0 241,251,313,378,7 231,496,295,603,5
001226_jpg.rf.29b7aa1fa520dcea902fc4c174086bcf.jpg 312,254,334,304,1 434,236,456,295,1
000154_jpg.rf.2d8bf9431f320290302aa0bb472da4d2.jpg 140,492,203,640,1 60,14,150,161,0 146,36,250,175,0 30,146,135,312,0
000721_jpg.rf.3033c048f6cdef0953ae7dc93749120b.jpg 422,480,458,549,1
000922_jpg.rf.302157793ab6ab65f1b7c9b456fbce90.jpg 159,253,217,312,6
000772_jpg.rf.2f1328be74ca6d9798b1e0ec5daf5a6d.jpg 287,165,421,245,2 12,137,137,195,2
001546_jpg.rf.2fc1859b83293b30d72d37151ea8e048.jpg 254,41,346,172,3
000522_jpg.rf.30801c0010bc34a83005f604900097be.jpg
001274_jpg.rf.313c9ace989ea683389087bf940e8a64.jpg 342,280,378,315,1 514,267,567,327,1
001039_jpg.rf.3195134185bf5d9a896cf33f492ec9cb.jpg 228,393,285,529,1
001173_jpg.rf.30df2100b1a453aeba3d6ff58ccc6473.jpg 339,557,363,587,1 309,616,357,640,1
000472_jpg.rf.3164b54cadffe2d49b57df4347b752f5.jpg 320,117,372,224,7
000502_jpg.rf.31843ca4c98bce2ed98c3a65cf28fb8c.jpg 214,263,464,397,2
001493_jpg.rf.3203def7e975f5205168c9dfe3668de4.jpg 179,76,306,223,1 119,163,169,301,1
000963_jpg.rf.312a34e722861c06fec078133ec0bc3a.jpg 526,374,640,504,2
000056_jpg.rf.32b2312659ed2a4c94e75e515a076ff0.jpg 377,367,436,441,1 513,283,578,401,1 508,559,555,640,1
001306_jpg.rf.33bd6367b28a3aa7bdefd33f9b237380.jpg 191,401,230,481,4
001490_jpg.rf.30d46d3dab0e6976e4f6ca36b6e49d4d.jpg
001384_jpg.rf.33190b00e676d5c9c940e6ff50d584c7.jpg
000458_jpg.rf.30bf0ab946ccfbadc00c1e25f5c9e13e.jpg 477,430,533,521,7 84,159,159,292,7
000002_jpg.rf.332db3191be76357b9f762a86432bdb6.jpg 299,351,370,436,1
001218_jpg.rf.3387637b36728fa7f061607c47c7dc37.jpg 341,286,371,335,1 423,251,452,333,1
001191_jpg.rf.31b8d677f6bdedd22d54fc7c85305045.jpg 157,168,621,639,3
000797_jpg.rf.3431dfe85b97fd733033b3025fbd15b7.jpg 177,511,255,639,4
001159_jpg.rf.33bf9175363d33eca200454aaeb65597.jpg 243,369,307,464,4
000177_jpg.rf.32c034a90be715047e91b4d535fd5f3b.jpg 277,241,481,639,3
000514_jpg.rf.325186406f5d25565248d8304086cb12.jpg 248,119,282,177,1 460,577,503,639,5
000999_jpg.rf.3305b4074c479d5f300d59e071095017.jpg 380,375,417,454,5
000293_jpg.rf.33519a7ad3591abf3f1ddbdfa4058c77.jpg 86,144,410,484,3 343,79,453,140,2
000348_jpg.rf.345c311f8bfe6bfa8b6116eb088808e8.jpg
000497_jpg.rf.3423f58ee83c4beb0e4575212489362f.jpg 64,261,259,639,3
000709_jpg.rf.31ff08496ed8e87f46891b231073650d.jpg
001212_jpg.rf.344f7365a271f82dd0ef32c97372a628.jpg 294,0,639,373,3
001498_jpg.rf.2feb01565b3a266c1cc9da28a625ec16.jpg 263,303,317,492,1
000552_jpg.rf.36132d3eada5149719a1a6758c7c10b3.jpg 297,119,376,377,6
001685_jpg.rf.3461f28b869b03ff0102211913e81959.jpg 166,294,195,395,5
001613_jpg.rf.34e7c9737db7eebc6d21ab3672b539e9.jpg 61,177,596,530,1
000972_jpg.rf.363821a8c3637672e315480a7f49bccf.jpg 180,345,226,418,5 356,103,409,221,1
000122_jpg.rf.383978eae119f5af04cee1e42ed11ecc.jpg 95,335,169,447,2
000460_jpg.rf.369ba9eee17f49cbf0027547af3cdd53.jpg 290,0,358,86,5
000720_jpg.rf.39317ce94f66e81d4d42b54630f79bbb.jpg 210,213,242,260,5
000082_jpg.rf.395990bbea3a8058761c558974519b71.jpg 49,341,76,377,5 0,420,46,552,2
000422_jpg.rf.38a46e9154d69c13799940ec5033e33d.jpg 0,66,640,604,3 541,248,639,298,6
001009_jpg.rf.39494855595df42b60c55bd262bc13dd.jpg 56,0,600,550,1
000433_jpg.rf.3837201fedc16a4305920e8019a8f415.jpg
001383_jpg.rf.3a13bf0c60021eca21d1ca6836dd0d77.jpg
000211_jpg.rf.3b238b6d6abc92dc423b4f1769797b26.jpg 158,0,462,640,3
001663_jpg.rf.37f97a105f93aeec8a5ce3a8d354943f.jpg 329,407,406,510,1 374,463,426,555,1 0,324,33,453,0 329,277,384,419,7
001399_jpg.rf.352e673ff196cb655d8ecbfd04e9f0c5.jpg 337,102,455,378,5
000264_jpg.rf.39784165ceb331803bc6ba8fc320e088.jpg 266,223,386,407,3
001512_jpg.rf.387e93c7071a689d3d03cd5bbc22ba9a.jpg 363,519,413,640,1
000970_jpg.rf.3b06dfcfb11650bbf863769f28aab971.jpg 131,0,312,463,4
000217_jpg.rf.35720e6ad2ce74058603a2f6ab0c00e3.jpg 142,335,219,522,2 121,0,451,640,3
000033_jpg.rf.37cb682da596f940a6a0211d04cb2a17.jpg 223,290,475,432,2
000060_jpg.rf.34fec1fd70fb5bb682861d1676573ed6.jpg
000607_jpg.rf.3a9aaa144890a6e5e5b6bda2f8d9046c.jpg 314,551,386,639,7
001589_jpg.rf.3b67d51bc7aadae8f9e25fd565a458ab.jpg 28,119,584,495,1
000599_jpg.rf.3b3d4ae1b4ced47a21e5a11efca821d2.jpg 166,0,640,315,3
000257_jpg.rf.3b6913c49be84f1f77a1826be01ecd83.jpg 77,0,183,252,3
001630_jpg.rf.3a44c23942bff33672d1adc4ce764bf0.jpg 160,31,304,62,2
001029_jpg.rf.3b6b0eeff02554397e81a792b101ce90.jpg 271,80,322,266,1 146,218,197,345,6
000923_jpg.rf.392d73efd166e5b982b9ba5164252bc8.jpg 0,0,216,640,4
000105_jpg.rf.3c831526b7c59201d41a17a7bc30d72b.jpg 269,385,324,628,1
000953_jpg.rf.3c508c9334005084455b42043b430829.jpg 443,254,509,336,6 264,261,307,350,1
000558_jpg.rf.3c8c184ff3542a6a9a20b70445580e3a.jpg 60,117,115,158,6
000978_jpg.rf.3bc7b7e01574f710587192c9faa00441.jpg 257,64,279,142,7
000843_jpg.rf.3cc409cd9d0e03c9c62cb078ce91a082.jpg 245,121,468,516,4
001481_jpg.rf.3d7a647475e6a2ebde3e98f4bc646379.jpg 148,174,192,253,1
001394_jpg.rf.3b714cca70da75604f9e251122491927.jpg 0,0,258,640,3
001278_jpg.rf.3db004ba2547482947c1ecfea986487f.jpg 0,469,30,623,1
000440_jpg.rf.3d85bd83b3f022d11ad69e5ac99df181.jpg
000044_jpg.rf.3db5777b68b73ba321ab3c636d250f02.jpg 103,386,157,410,2 158,81,212,193,2 216,240,242,279,1
000386_jpg.rf.3f9cc55be4d84b90e1069764cba93232.jpg 351,380,390,426,6 335,330,391,398,6 74,57,179,232,7 21,99,68,175,7
001351_jpg.rf.3c2db1bce78ad24f3019981bfa9e8bca.jpg 95,143,325,615,6
000951_jpg.rf.3d8e054c0e7f9f0b12d13c9d11337b83.jpg 127,300,190,389,6 331,292,376,381,1
001527_jpg.rf.3dfd1b90b0be8ef27ef97224c16cb5d1.jpg 189,121,341,344,6
000215_jpg.rf.3dcea50c8407e59fc94276aece66e8d6.jpg
000160_jpg.rf.3df6c22cb84cd46325a21abe87bde621.jpg 283,300,312,347,1 309,236,362,353,6 25,0,145,133,3
000594_jpg.rf.3efcbdf3c607cdbbbd9871b53c155aae.jpg 506,414,526,430,2 533,413,598,429,2
001349_jpg.rf.3df838653d5207dc4eedac8137b20ac3.jpg 391,13,513,369,5
001050_jpg.rf.3f8576726883d931562ffd81308b2c1f.jpg 247,44,593,639,3
001662_jpg.rf.3f0dc1f686ea3f9ba93998286f178f01.jpg 229,283,307,398,5
001196_jpg.rf.3ef58f8f85310a997e6ddc16a1198c31.jpg 254,242,310,278,1
000759_jpg.rf.3fa32e5368e4f2ae00755a45f7abbd17.jpg 361,176,481,315,6 263,412,337,488,1
001386_jpg.rf.400922b2ce235975016f6d31932c63db.jpg 366,0,640,438,4
000439_jpg.rf.3eb9b44976263a97ec2079b369e6f9fb.jpg 425,91,448,150,1 420,160,504,390,1
000116_jpg.rf.401e0f20b711c094002f59c5daa0d427.jpg 404,324,639,582,3
001233_jpg.rf.41b1ff929b22998d16227ff90d168294.jpg 361,59,396,137,1
001647_jpg.rf.41c62812258a2b46f0debc15e4301e9e.jpg 40,324,149,450,2
001243_jpg.rf.40387db9c7007a291364a03715372a2e.jpg 447,306,523,396,6
000318_jpg.rf.39ccf7ca1bca76bad094a40be3ac800a.jpg 400,0,430,455,7
000773_jpg.rf.41f8bc0ca1374a16ffdc8127ecad9334.jpg
000338_jpg.rf.42519ebf6b09f6045b7c5d749a444044.jpg 283,0,640,309,3
000089_jpg.rf.42d6b9b156043a0e5f4a21654fc7e9db.jpg 195,319,250,345,2
000765_jpg.rf.432043bf39ea3bb9bafaf9f09445797f.jpg 291,28,362,118,1
000450_jpg.rf.444c1847b5d6812d0c2e02119f4459b4.jpg 528,138,592,182,6 371,132,625,480,3
001501_jpg.rf.438d46cac913052071ad1d93fce89a70.jpg 203,30,263,301,1 156,250,194,361,1
000723_jpg.rf.43a2969455cfa4f6f25eb3de854e5ee4.jpg 182,93,218,163,1
000837_jpg.rf.42e200d41793b9aaf6a9f891804e8ab6.jpg 354,514,393,584,1
001500_jpg.rf.42c1ecaef6710ae41040cad61459431f.jpg 377,30,438,301,1 446,250,484,361,1
000685_jpg.rf.4717bb0d958e3d4b60d386f348fe2097.jpg 70,165,184,415,5
001260_jpg.rf.42f74e205a7f95b1ce6e387fc9bd687c.jpg 176,383,332,583,1 174,423,267,529,1 323,214,384,289,1 234,381,329,584,1
000029_jpg.rf.475a190992ef7e15ff89717bc1c3d62b.jpg 322,229,398,364,6 386,0,449,41,1 494,7,529,41,1
000548_jpg.rf.45442e204483cbabe7db99c8c25e5879.jpg 220,291,272,376,4 280,268,332,382,4
000520_jpg.rf.4395dc30684ce8a25e702f3d5a2cd27f.jpg 0,236,640,640,3
001146_jpg.rf.436a6bfdb448d822563577a185c56d8e.jpg 0,0,276,640,2
000438_jpg.rf.48398893e37657f61711e3a6d269ae3f.jpg 421,261,501,470,1
000946_jpg.rf.47e955f67006a41897320b17f424218c.jpg 174,199,247,291,6
001594_jpg.rf.47b0228204b6745d9723bf8adcb103fb.jpg 293,70,337,270,4
000387_jpg.rf.4364453e0e3cb13b34e0f6457005b537.jpg 351,216,392,260,6 337,241,389,311,6 76,410,155,581,7
000188_jpg.rf.47f1678ced2675bb8ad02e3361caa870.jpg 224,0,639,640,3
001101_jpg.rf.46903ffdbd2326c14e2434a08dd08add.jpg 97,0,639,640,3
000023_jpg.rf.4647f907be2a7a5d5e9edd3de70b1486.jpg 472,294,517,369,3 377,0,509,301,7
000849_jpg.rf.48d0e2669ae121a93d5d2d8d84f37995.jpg 0,0,640,458,3
000616_jpg.rf.4800697b7649b339f1e83bf7dd778e76.jpg 346,40,409,147,5 212,452,274,564,0
000354_jpg.rf.48d8bdcd3f49e2e16648b1675df7a2c4.jpg 103,431,220,598,3
001578_jpg.rf.4711405eaf79a1154b0362eab992a1a2.jpg 420,313,450,526,4
001064_jpg.rf.448f705c8139fee4b82252ec567d01bc.jpg 223,355,268,469,5
001682_jpg.rf.493a6678b622de5937ff3f2d02898ca7.jpg 543,46,569,117,5 429,330,494,461,1
001126_jpg.rf.49215c9aeaff2b07605ec7b786e3da36.jpg 393,0,518,93,4 528,129,585,226,1
000929_jpg.rf.484b043b9e09f66dd47e634a3046e53b.jpg 303,271,347,422,6
000332_jpg.rf.47c9606079a2f066c5f64649bc679eb3.jpg
001538_jpg.rf.46cef6104fd000d805dd4243dcc01fb3.jpg
000669_jpg.rf.49b077f51b809317dac6d824bda23c90.jpg 423,253,484,312,6
001013_jpg.rf.49a60b7936b01d1fd3759c7dae600f9a.jpg 72,24,146,264,1
000153_jpg.rf.49b852401eba14b8be0972f6e8d21a03.jpg 0,319,267,591,3
001591_jpg.rf.49e2d5ca0a63d03c4f333df81b6c395b.jpg 83,111,503,389,1
000005_jpg.rf.4a7ab9f4873cbcc2de4e1a8b1ed308ef.jpg 201,218,241,420,7
000710_jpg.rf.4ab394915a6ce2ff5eaf2b7f5065e851.jpg 239,308,360,605,5
001252_jpg.rf.49f0bde2fd6bd762ca4c9c760b22f1d6.jpg 208,309,238,367,1 21,330,99,372,1
000426_jpg.rf.4aa80b86024da5f2afd48b0bca5e9585.jpg 160,411,281,639,5
000036_jpg.rf.4a95dccab590e037f85a17c69a8351e1.jpg 165,289,415,431,2
000499_jpg.rf.4ab2148f103780942ef63b2dd83f1818.jpg 249,194,386,512,5
000165_jpg.rf.49e8f8fdf79b54542769d579ad0c707a.jpg 8,11,477,637,3
001508_jpg.rf.4a9731e8e41a8c638ae8d6929aed4aee.jpg 554,341,639,476,1 223,0,363,147,6
000090_jpg.rf.c55efb3cd4cc49fbe7af93508b24fead.jpg 387,314,453,344,2
000256_jpg.rf.c788f4ae671ffde634280cae49db226d.jpg 459,0,563,255,3
001676_jpg.rf.c81c43badbe13d7e9a4d83d66775341b.jpg 166,71,227,145,6
001487_jpg.rf.ca5ce6f68c6e07c1893f00cb90e2f735.jpg 552,223,591,329,1 204,524,333,627,1
000352_jpg.rf.c93d2bb2fd553bc8b18ea4735746faf5.jpg 179,0,245,41,7
000781_jpg.rf.c4fdc106a3645cb8f253dac0d17ae92d.jpg 99,225,183,268,4 64,359,122,569,4
000858_jpg.rf.ca5fb427ed91fe81e9902b00d8adb11f.jpg 121,254,216,273,2
000212_jpg.rf.c827c4ca58744329f8c81881946f8afb.jpg 283,288,313,338,1 311,289,362,351,6
001084_jpg.rf.ca4c299651b3bd67ca77f03275f58acb.jpg 217,358,259,505,5
000221_jpg.rf.c9c1132655c32f0a34471b7e117f58d2.jpg 0,36,640,640,3
000164_jpg.rf.c608cc62978ebd1c05249aed5ed6fa09.jpg 0,0,373,640,3
001533_jpg.rf.c4ca7e21afa572bc6bb178f331d489c3.jpg 337,61,499,296,6
000891_jpg.rf.c8feb76885140b4485400aea1182f51a.jpg 221,225,396,618,3
001281_jpg.rf.c5039e1bd437d3612fefdb89eb1d3e22.jpg 380,399,444,531,1 586,343,623,404,1
000679_jpg.rf.c6168bf442763ce3f8df81dbdcaef3d2.jpg 282,0,378,146,6
001608_jpg.rf.c65640c2561ec14ff8d7da564de11c10.jpg 0,144,630,536,1
000671_jpg.rf.c5e80cc7b57d830125dfad3f5af526fd.jpg 157,327,216,390,6
001547_jpg.rf.cabe4234dc2e2e5c9aedf1f0c8de474d.jpg 397,379,541,474,2
000159_jpg.rf.c729c63b25719a125361cb14df8e5c13.jpg 274,238,333,353,6 327,306,358,354,1
000896_jpg.rf.c6ccea7fe9707282b470dddefa61c885.jpg 312,0,360,160,1 441,110,482,218,6
001619_jpg.rf.cb11a976a1cda7c99afb6efd3caf38c6.jpg 6,26,415,624,1
000040_jpg.rf.c5c485828506b17239aa6e82553b4c7e.jpg 200,226,236,334,7
001424_jpg.rf.c7468404022888f09991198ea73c006e.jpg 323,203,430,300,4 503,324,553,379,1
000654_jpg.rf.c8bb86a7224f5a05092ab3aaca70dab3.jpg 380,321,443,347,2
000249_jpg.rf.cb917b0bb5ab7bfff1b287c62ce8124d.jpg 172,0,371,640,7
000597_jpg.rf.cb540c82ade9b8539ad7b8e215688472.jpg 493,131,623,189,2
001436_jpg.rf.cbecbbfd933643a6b0da17d25f4f400b.jpg 174,161,279,251,1 510,341,564,385,1
001678_jpg.rf.cbd0b2de79360eedb60d995ae8951241.jpg 291,256,349,338,3
000315_jpg.rf.cbf5d6318d1d6a0c609be1fbe9cd6f73.jpg 148,356,365,640,3
001216_jpg.rf.cba85e7a4ff229486093abb34b61d6a9.jpg 188,311,216,393,1 270,306,298,354,1
001634_jpg.rf.cc1ed4ad8f323d5c32a051260cde1710.jpg 249,357,445,639,2
001019_jpg.rf.ccac5328755417ff80d6a79d019ea3b4.jpg 214,401,312,553,1 606,326,640,449,0
001220_jpg.rf.cc739f8dd9c47a7662c74f0250546786.jpg 17,256,166,449,5 169,280,640,433,2
000184_jpg.rf.ccd50679c7e5dd63608cefe153465cc3.jpg 268,124,335,216,0
001078_jpg.rf.cd46a5d84bc4746f18347104d7f13a7b.jpg 443,293,477,398,5
000360_jpg.rf.cdc644926821b1d24ed44ef4b2ce58b0.jpg
001434_jpg.rf.cf03d26740fcda75b12a96e3f416f88b.jpg 468,0,639,321,3
000639_jpg.rf.ce35ee001275b05f9f76550a6f711b65.jpg 360,101,424,211,6
000543_jpg.rf.ce768c6541e1d0f6f54d848b6bb75e93.jpg 0,174,223,639,3
000130_jpg.rf.cd6d7fe8c7d01af411eac42c9bba2264.jpg 256,240,365,362,7 268,343,404,416,2
001550_jpg.rf.cf1ada29f9d3b6b49758d9021e97f4b0.jpg 74,0,298,529,3
000722_jpg.rf.d0716531ee5abed49f06aa3537e3663f.jpg 421,94,456,162,1
000728_jpg.rf.cf2be568629e3772db2863da6d5e31da.jpg 155,223,240,489,1
000729_jpg.rf.d0c20624f2301ccb32c469cc371acc1b.jpg
000697_jpg.rf.d0a75f7ddc7573f8d8e67d43da1d5458.jpg 346,439,404,554,0 264,163,304,221,5 329,112,354,184,1
001262_jpg.rf.cfc6f284fc9d5f7521bc240beaac6eb9.jpg 309,57,406,259,1 368,114,465,218,1 256,355,315,428,1
000831_jpg.rf.cff879a42b4ebc5e3f20b89fb4fbb508.jpg 0,94,89,276,6
000137_jpg.rf.d2922fe13e708136d7a661207099c2d3.jpg 157,0,639,640,3
000038_jpg.rf.d36546669afe3f864e3d6bdd193b8818.jpg 406,314,437,416,7
000087_jpg.rf.d0d9883503ebb16e7fb59d3ccf67d558.jpg 286,276,350,380,6
000017_jpg.rf.d2ea30307efe2b0befbbd1aee0cad98e.jpg 189,51,236,170,5 159,220,230,437,7
001008_jpg.rf.d3870a4b827383c906e9b657e2d0bcbd.jpg 43,0,586,555,1
001166_jpg.rf.d383d4789c3f417e4d55dbfba855af6c.jpg
000150_jpg.rf.d1a4fd044bbe7b7c76ea66d8ff88be03.jpg 299,140,414,303,5
000478_jpg.rf.d38b77644fe4b949b7d4d983da0f2279.jpg 204,230,287,358,5 360,357,420,455,6
000389_jpg.rf.d4cacef96d5fe40d3a7ec2b14340d6b2.jpg 209,0,466,309,3
000769_jpg.rf.d15dbdc3af7ddc89056fe9c50599889e.jpg 201,271,322,416,6 423,160,524,244,1 561,0,607,72,1
001659_jpg.rf.d5030205370192da60156cc909dad743.jpg 252,134,299,184,4
000226_jpg.rf.d4eae7fe62fea7e6104bd0ab30f5fc6d.jpg 126,0,587,640,3
001001_jpg.rf.d3ebd4ba9bdc2ebc448ee5a2d42e4e08.jpg 219,186,259,263,5
000874_jpg.rf.d374cb455d04b57480d37552820a931b.jpg 300,169,383,267,6 300,191,329,245,1
000627_jpg.rf.d3d555c55bf7b3ca4aa8fcdd40c34333.jpg 314,243,390,370,7
001681_jpg.rf.d53fd9447da5adaa0c86990b3d00c423.jpg 226,174,261,282,5
000553_jpg.rf.d5cb87785aaec4572cf6979d9af776d4.jpg 8,176,88,235,7
000314_jpg.rf.d56481f411c3ce21d4b040bb9d7cf25a.jpg 119,7,366,287,3
000534_jpg.rf.d5973416c4c8795472c0ee87ed6d4463.jpg
001474_jpg.rf.d5f26ed3215410fe01ac5fe0ff3f1e28.jpg 69,251,189,461,3
000287_jpg.rf.d694133a530625c0050c55501f1afee8.jpg 390,435,432,531,7
001093_jpg.rf.d6b9f9314816254fd6a76dac321a8f93.jpg 454,0,589,161,5 0,0,195,627,3
001083_jpg.rf.d6c3072ec33148d92ab9ce068c9a603b.jpg 369,354,426,504,5
000093_jpg.rf.d75fdfba3e32bbfc98b0cc00f656f392.jpg 157,366,290,601,7
000813_jpg.rf.d7e0c180dabe69fff4480fc26e4dab0a.jpg 336,0,529,640,3
001120_jpg.rf.d6f709b060b54baff44d4b2d82d9e8a4.jpg 509,388,561,582,1 466,89,564,181,1
001398_jpg.rf.d70ae65a3578703a8da96d9cce941846.jpg 50,237,118,472,3
001076_jpg.rf.d78ded32d97f6a6849a4efeab640c875.jpg 263,0,312,43,5 346,0,640,447,2
000965_jpg.rf.d8b0f135e103cc55a550a135d369cea6.jpg 0,141,109,267,2
000786_jpg.rf.d820052b23c0b3cbc1b1891c41e1608e.jpg 304,0,522,637,2
000863_jpg.rf.d6b265e6b4382a1135a4eb07b81aef3b.jpg 239,271,372,470,6
000047_jpg.rf.d7c557160889b91ec0be0f1f20103a54.jpg 263,242,283,330,5 322,446,366,501,5 384,278,411,636,2 216,152,389,254,2
001066_jpg.rf.d86f0aaf6b482129f2222ac6269ff223.jpg 163,329,203,461,1
001379_jpg.rf.d934c226d4ef93f2f9702549f1e5c803.jpg 484,19,562,75,4
000776_jpg.rf.d988b1447d8a0485c2d7a4f15e6ed71e.jpg 299,211,394,355,6 74,12,138,77,1 264,0,322,21,1
000696_jpg.rf.d604ea2c91f2a38dfca188e8b4fbd654.jpg 404,53,639,375,3
000229_jpg.rf.d999c2d224d163d5cff950a07af74405.jpg 432,285,463,355,7
000111_jpg.rf.d98fd31fb70f06115d97ac209b333b41.jpg 210,280,304,428,6
000931_jpg.rf.d9a1a6ba8498d249e13d87696e32f96f.jpg 326,299,380,509,1 451,237,496,346,6
000819_jpg.rf.d9aeda79c628fae07b54e927f3f33d42.jpg 324,21,384,151,7
001047_jpg.rf.d9f125e695922557c37a6fb0e761e0b1.jpg 414,77,469,146,6
000445_jpg.rf.d9ef0efe272d1c81e9fed270e923d54a.jpg 316,246,354,343,4
001554_jpg.rf.db03e4a87ec7c8c2eabd65223ed7f43e.jpg 354,174,473,310,3
000429_jpg.rf.da0e0e26e54a8e888a6c180c265a5cc2.jpg 354,14,639,335,2 356,599,403,640,5
001015_jpg.rf.dbc77c7cd92326c1444aebfadce895ef.jpg 333,281,415,401,5
000667_jpg.rf.da5b1d78dc2e166e446ba8bee941ff91.jpg 375,188,411,315,1 345,321,382,449,1
000380_jpg.rf.db2214e9485737190c7b9f50f9df763b.jpg 186,146,232,277,7
001286_jpg.rf.da0cb440ede99c80687719418b3418a3.jpg 144,69,339,271,1 159,396,215,498,1
001129_jpg.rf.da79461c441457e25cadea3676472fbb.jpg 0,151,118,639,2
000507_jpg.rf.db14f10ac610e213b8263d0113f3f1d0.jpg 401,361,442,465,5
000664_jpg.rf.db913360f10b2a678b70e9ef510fd29e.jpg 324,26,435,208,6
001284_jpg.rf.db4577f51c498e336e97a1ae4bb3f94d.jpg 374,371,495,572,1 297,396,398,486,1 423,144,480,247,1
000335_jpg.rf.db93697a116a7999e299b5aa8f92c407.jpg 297,49,369,241,4 366,0,640,592,3
000224_jpg.rf.da41c361fe384434cdc37048dcde3ef8.jpg 196,511,266,534,2 275,232,332,354,2
001208_jpg.rf.db1a97a3e7f3f6786784a144974cbdd6.jpg 436,0,640,143,4
000366_jpg.rf.dc0bfcfdf99087a773c7a23000988df1.jpg 48,0,618,223,3
000118_jpg.rf.dbeaa1b2b5a0d447cc5fb27b48c6eaaf.jpg 0,18,241,322,3
001363_jpg.rf.dc3fb869edd2750b1a20ceeb3323ac44.jpg 596,96,628,207,4
001450_jpg.rf.dbeff474085af8f82a56dabae60c04ca.jpg 600,39,640,155,1
000373_jpg.rf.db4bf7321758c35c4c07a0349b63d14e.jpg 72,0,640,640,3
000199_jpg.rf.dba2d2e48ce5095e614246e4e7ff2510.jpg 432,0,531,129,0 563,0,624,96,0 509,83,589,181,0 257,104,288,228,1
001318_jpg.rf.dcbc678c7c27f6b156ca3e70c997517f.jpg 144,263,217,395,1
000243_jpg.rf.dca91d94db5d01d9c59724fe7999fb4e.jpg 301,210,410,372,3 19,29,134,46,2
000123_jpg.rf.dbc191b2fcd96683473d53091c0d57db.jpg 368,0,416,83,1 199,127,266,241,1
001289_jpg.rf.dd1b8e89a71072a74f79f892c9a18e10.jpg 209,241,234,327,1 406,246,443,283,1
000757_jpg.rf.de796997f53b4fa55caac90a79324ebc.jpg 303,155,377,231,1 157,326,276,466,6
000409_jpg.rf.ddb77e30afcf5153c558d275ba02e00a.jpg
000311_jpg.rf.de96d194975d708c799888ab94d9ab57.jpg 356,277,395,366,7
000253_jpg.rf.deade30f2473812d52e079ebdc119b40.jpg 197,401,639,639,3
000328_jpg.rf.dfdec11715a9370dd3a6dfc7b04d1baa.jpg 352,309,640,629,2 354,0,412,46,5 497,239,544,303,1
001631_jpg.rf.df83c541beb64ec47c520d8c956a8ca4.jpg 46,43,506,521,1
000110_jpg.rf.dfabd3b6d23b49a33249e4e15eac1048.jpg 224,272,333,514,6
000007_jpg.rf.df8a28a7e299f8e0fc5dcc50a5577cd8.jpg 414,320,439,396,7
000629_jpg.rf.e0f4112707e3ddd2930da2e0cf34f663.jpg 371,421,433,499,1 503,338,570,462,1 500,592,533,640,1
000190_jpg.rf.e0a64e18e99f0a23d24cdc6d89260f94.jpg 319,319,371,485,4 26,226,141,394,4
001127_jpg.rf.e11d5d6aa31745a2e49aa59e72ddd57e.jpg 57,134,112,219,1 129,0,244,93,4
001210_jpg.rf.e1372431e2f471ca480eaba5e4f8449b.jpg 25,539,55,640,4 84,509,204,640,4
001063_jpg.rf.e23f7cfbd14cc889c8e0770f72993351.jpg 379,357,416,470,5
000269_jpg.rf.e14db3c2a3e1e91d92ec0c7dfcf28ee1.jpg 239,314,640,550,3 0,0,180,496,3
000095_jpg.rf.e31dc4d64424e018a7c1409088b4401c.jpg 48,260,79,300,1 0,93,45,215,2
000513_jpg.rf.df4e598f210db328c0af013ca7da93e8.jpg 231,0,415,527,2
001003_jpg.rf.e1c179c5d4e53981d331bc0bf3dee221.jpg 0,226,101,369,7
001256_jpg.rf.e1c3ff144f44b7b455c32d8c051fd9aa.jpg 222,425,298,618,1 170,414,232,541,1 336,316,394,375,1
001247_jpg.rf.df881f5423a63d9b0b5fb1d5e5a21321.jpg 197,390,287,578,4
000240_jpg.rf.e24d96ee1d42d43f29748fc55cc1f47b.jpg 0,0,172,512,2 279,494,314,622,1 307,348,343,483,1
001075_jpg.rf.e344bebd2181a0224d1c3521c6ab0a1e.jpg 326,0,377,41,5 312,563,401,640,5
001534_jpg.rf.e35a16e5a73e6ab9d6c696bfc7b8f239.jpg
000091_jpg.rf.df59384bdfcf0509cd131be71b0b8456.jpg 14,248,324,394,7 495,258,597,276,2
001145_jpg.rf.e258addcbce890e67ed67dbe36707dd6.jpg 0,0,226,640,2
001517_jpg.rf.e3397ec395b0e0169b25f95a94b6c702.jpg
000435_jpg.rf.e379e39ed1addfe4676fc03778d49dbb.jpg 546,416,640,466,6 0,200,389,609,3
000209_jpg.rf.e379db9a32ccd9d2e66f01eba0722433.jpg 186,0,486,640,3 185,236,271,461,2
000371_jpg.rf.e15e8a6409590953946952d6d4286944.jpg
000560_jpg.rf.e20cf7ab892361f0882f8644f8d535fe.jpg 521,480,585,524,7
000406_jpg.rf.e3a7fa5698fcf4affd26939c413210ed.jpg 366,20,640,503,3 0,0,396,252,3
000611_jpg.rf.e647c04c47dc4e06252c869696603cd3.jpg 334,401,445,462,2
001611_jpg.rf.e442de0f748067efe7f07cf5b002e06c.jpg 51,115,576,465,1
000359_jpg.rf.e67130a9fbce046ff73c6398dfe5c78c.jpg 405,0,525,238,7
000973_jpg.rf.e513b93d5f977452b54de254134d10e9.jpg 470,99,538,209,6 233,104,286,219,1
000542_jpg.rf.e672331bdf8b232bba59394ccbddb746.jpg 0,0,303,464,3
001565_jpg.rf.e6b65ffb16a2526acd2e6992cc2af33f.jpg 314,146,369,289,1 250,205,318,408,1 329,269,384,424,1
000096_jpg.rf.e661a7d34c872bb8a6684a5b4eb84a05.jpg 372,122,457,243,7 162,328,304,468,2
000484_jpg.rf.e5d8129c42481ce5e911e95002b1b482.jpg 214,80,272,190,0 346,495,412,601,5 373,227,475,350,7
001002_jpg.rf.e57df94190988c7bb08a082674b92d95.jpg 519,239,565,295,1
001087_jpg.rf.e74590abeddbf4bdb9d0adb3eda7e5ab.jpg 86,297,126,438,1
001231_jpg.rf.e7e080738097c172e1e557d2e3ce7a50.jpg 202,343,454,501,2
000994_jpg.rf.e82311accb1b9f659a4b335cf51954df.jpg 78,103,122,189,0 310,229,372,324,1
000035_jpg.rf.e742818e2f848662577d4a52821e9b20.jpg 164,211,416,352,2
000326_jpg.rf.e75ce670e9df46d730f0b7762a778d6c.jpg 0,16,287,334,2 100,341,155,402,1
000496_jpg.rf.e85412db9f4fb1ae28098d4a75f089dc.jpg 414,323,458,400,7 488,336,542,438,7
000528_jpg.rf.e8e87ec67e515593d7c9c7ac9d17a8c9.jpg
000397_jpg.rf.e49300b7fce69e78182fe19859861ce8.jpg 334,136,378,194,5 434,143,482,240,5
001581_jpg.rf.e859e0d35ce5654323d41cff12d84c7b.jpg 66,26,566,563,1 253,26,566,563,1
000977_jpg.rf.e8b229a1f73e1066f838162bff6b2639.jpg 251,306,309,530,7
000475_jpg.rf.e7e602f49790b3e0dcb0d8aae7062a2d.jpg 286,343,329,421,5
001206_jpg.rf.e8528b48f416f1bd39fa75bb1b6a3cb9.jpg 341,286,371,332,1
000755_jpg.rf.e98d1787dde5e3121727097a54c3c07a.jpg 511,92,549,257,1 100,0,161,86,5
000823_jpg.rf.ea0ef01ab8befbc1235dee079a09ac97.jpg 203,194,300,242,2
001324_jpg.rf.ea1b462762b1935b4cc26497b9a84ac2.jpg 99,381,138,462,1 146,380,237,440,1 517,337,556,443,1
000986_jpg.rf.ea2bd2af92b909dfd37260db73f5935e.jpg 43,0,589,330,3
001106_jpg.rf.ea4734d93d9f92b872df3c1f9aa1becd.jpg 423,423,461,517,1
000485_jpg.rf.eb5ecca01a856b03b07097983dbf9782.jpg
001482_jpg.rf.ebbad40ccd1f87ae272e2ce527282f5f.jpg 161,240,204,368,3
000632_jpg.rf.ec55a8bd830ec37a8b72181943fb056e.jpg 254,129,390,449,5
001036_jpg.rf.eaf971000c13b220eb3f842409c556ff.jpg 488,211,536,396,1
000464_jpg.rf.ef8918d1b634543d8843095bc39ea2f3.jpg 320,284,356,344,5 266,299,300,409,1
000567_jpg.rf.ea8481cf738896fe6fe65ffab0f2beec.jpg 177,223,241,358,7
000855_jpg.rf.ebd6eefe47ad86de70954c62059e185f.jpg 400,0,556,136,4
000859_jpg.rf.ed4ea764f0a70f30d34f3dc7e061df2d.jpg 143,327,237,561,2
000581_jpg.rf.ed7833c368efe7fbbb2832a237fce597.jpg 367,40,433,170,7
000228_jpg.rf.ec43dfc4365e7dae27282db7f7a89605.jpg 263,189,409,366,3 39,52,135,61,2
001397_jpg.rf.f0d136c3fba9590da22467ad25e2c037.jpg 341,242,416,334,1 86,363,132,413,1
001353_jpg.rf.ebfb49541d5c78abb9a3f1d808d5b31b.jpg 314,28,544,498,6
000644_jpg.rf.ec69346b4c46155da43d32d43c5f7e70.jpg 120,91,207,249,6
000788_jpg.rf.ed7c9a92be459e01104671aa23d2bcaa.jpg 251,335,328,428,1
000092_jpg.rf.ede2ed41434b1c426727edcef1ad80c3.jpg 157,45,287,275,7
000345_jpg.rf.f018a805388fc0f2346092e2411dec30.jpg 161,75,273,565,3
000163_jpg.rf.ec40d8fdcf4167a4bee701460b5e9bc4.jpg 277,0,639,640,3
000427_jpg.rf.f051cac44110b01a637f44248513fa18.jpg 157,0,284,232,5
000725_jpg.rf.f13d802a584eb0b99b5806b532fb15d9.jpg 0,316,640,640,3
000182_jpg.rf.ed0e1777eaf37de51802cd3c9321716a.jpg 0,156,100,326,0 26,320,137,449,0 109,273,222,410,0
001111_jpg.rf.f073f5ae065597668ffd98bb37f9adbb.jpg 323,139,423,263,7
000129_jpg.rf.f0a854a90aa8b5265cbad286da32a702.jpg 279,221,406,349,7 248,344,370,416,2
000601_jpg.rf.f0f0445284ade632df4df33ba99d656f.jpg 246,211,341,356,6 520,13,566,78,1 323,0,377,26,1
000307_jpg.rf.f1bfa8caf988d84d3fd446ffdf478126.jpg 263,457,306,506,5
000559_jpg.rf.f153265d21e03f86cfe6b5f8d9fac902.jpg 60,481,118,524,7
000152_jpg.rf.f2074a658699fb21ee00d6187f39c707.jpg 226,341,343,510,5
000279_jpg.rf.f28d8ad5204500db0083ab28d69b00ac.jpg 100,5,204,238,3
001406_jpg.rf.f29b312ca628243848e990b9922b26f5.jpg 281,484,341,639,1
000954_jpg.rf.f391d14e8b4a7af529539a4aa4520d2d.jpg 259,307,365,487,4
000252_jpg.rf.f34536390aea90f257dc8f53d1899c8f.jpg 94,481,441,639,3
001183_jpg.rf.f556f04fb04d8a62dbf95e8e1fa36a1d.jpg 386,511,463,639,4
000592_jpg.rf.f370f733023ed1c20060b58a7aca19ac.jpg 287,336,367,474,5 160,494,216,618,6
000960_jpg.rf.f4213c53d29a5eb736582f0a3890de8a.jpg 237,194,286,369,1 360,328,403,452,6
000197_jpg.rf.f367bb13d8f51c51e748831cd74b33f6.jpg 108,512,219,640,0 48,459,136,565,0 19,554,77,639,0 346,408,387,548,1
001552_jpg.rf.f40d7b7ff6bc8e70ab95d312fdc677f9.jpg 66,60,215,101,2
001435_jpg.rf.f639089d62a7bbb121c15eec45ac8f08.jpg 176,391,278,487,1 511,253,562,298,1
001160_jpg.rf.f5d64f2d28f3e88925ab903baef3ccad.jpg 261,114,331,273,1 0,296,56,640,2
000768_jpg.rf.f361ef04029dab5443f3ebf71b17c708.jpg 314,227,369,261,2
000906_jpg.rf.f3fc27eb6e8c5981e47e3f8fd06aa968.jpg 69,419,126,494,6
000320_jpg.rf.f640c200bead88220c125e79c9de154c.jpg
000079_jpg.rf.f38e05c400cf791d35a37ea673b88f01.jpg 246,288,356,326,2
001667_jpg.rf.f3f86f8c43c53d2672ed7b53ff2ea148.jpg 202,72,265,134,4
001640_jpg.rf.f64f98493dd99175ecbd37a94af753d7.jpg 169,40,486,566,1
000857_jpg.rf.f8ff3ec09aed0b36f2f137ab2f4e0391.jpg 89,516,229,640,4
000777_jpg.rf.f7ba4a4f22b61afde9da9de8ea23519c.jpg 283,297,430,566,4
000899_jpg.rf.f91faad800301b6b68981af6af7bb534.jpg 368,0,412,143,1
000323_jpg.rf.f7cd6641ef7da3b7f944cfa3f7dcd248.jpg 34,432,281,640,2 157,81,190,168,5 100,341,140,399,1 253,124,295,168,5
000829_jpg.rf.f8f23994e3fc686eeb83b897cc729398.jpg 389,201,480,470,4 352,66,480,254,4
000351_jpg.rf.f6cf284d8debb28d442eb183402f199a.jpg
001000_jpg.rf.f846a5d9f02a178c60dc9b5b36927289.jpg 378,190,422,268,5
000417_jpg.rf.f7b9c4f5f2995b1870394e91c1512140.jpg 0,0,315,360,3
001670_jpg.rf.f923822b2c561c96e744ea60092c35f3.jpg 281,427,361,544,5
001296_jpg.rf.f980368d9c345be16725e6ead7d9c4e4.jpg 183,272,266,317,1 169,292,204,374,1 461,291,499,342,1
000657_jpg.rf.f45dc1b4e1c7dca6d72fb1e4bed99980.jpg 272,240,354,261,2
001085_jpg.rf.f789283a1693aff529ef0e3d45bcbfea.jpg 163,314,230,438,6
000276_jpg.rf.fb3b044d289c2d49a0866b0620c6f6b2.jpg 494,511,550,578,5 497,248,549,379,7
000216_jpg.rf.fcf9cb1c1ac436fd4ab92eff381a80c3.jpg 439,220,531,244,2
001135_jpg.rf.fc7ee453cb5fe34aa5b99cf63baecc10.jpg 11,368,312,639,2
000519_jpg.rf.fb76b5b1c6bae71f236a0add25ca2941.jpg
001645_jpg.rf.f9b53f344bc2bd686aec9f4adf130068.jpg 270,6,564,640,1
000207_jpg.rf.fbafd009fc98e0dee0f0840a4224aa2c.jpg 355,552,416,576,2
000376_jpg.rf.fd87b1006fa6d6056e49eab3d94f4ae8.jpg 291,0,639,640,3 255,409,311,474,4
001315_jpg.rf.fd3ee97129d9ad73356838042e01d033.jpg 371,6,399,89,1
000329_jpg.rf.f9c79f6350a206125ac55341780e33b3.jpg 75,386,181,640,3
001316_jpg.rf.fcbd6fb5001059504eb06b906eccbe75.jpg 372,559,400,638,1
001602_jpg.rf.fedd9aaea966bdd24972cb150476d475.jpg 186,229,637,441,2
001334_jpg.rf.fb471b279a55173d64456b7687805008.jpg 312,68,351,219,1
000762_jpg.rf.fb6e468610f5f88e63bb05328ffd8084.jpg 194,274,444,399,2
000051_jpg.rf.fdd05b55b8174b1d776ae40f5b488ac9.jpg 185,236,318,494,7 190,480,252,593,3
000043_jpg.rf.fe1058818c063b3b25b9df156d6f8cf9.jpg 151,437,217,563,2 223,363,246,403,1 93,227,157,253,2
000168_jpg.rf.f9b520e85f2a344b69d348e207f3178f.jpg 278,285,327,408,2 192,105,260,125,2
000465_jpg.rf.fe4b0e09d72a84459906559ca31d05ee.jpg
000066_jpg.rf.fbcc9effea72828e2bbcc80b253e1f5d.jpg 236,329,272,452,5 204,66,282,275,7
000192_jpg.rf.fd8e6a1f7870a3d5c5c997fee9a09d25.jpg 182,272,240,385,2 116,564,187,609,2
000854_jpg.rf.fece875d8aa4d6d10f51af258cc1f978.jpg 317,271,348,354,6
001633_jpg.rf.fc3f0ca19e322a44aae0659c4b8c2fe2.jpg 134,120,586,600,1
000019_jpg.rf.fa5e610f6061cf9255dbc0f08182c167.jpg 412,258,483,422,7 404,468,453,605,5 485,43,529,130,7
000084_jpg.rf.fc78cd500f59e64d4546d30bd75aeb12.jpg 539,310,560,379,5 178,148,301,638,2
001679_jpg.rf.ff02240ed88262e843f75f3eb72a0f11.jpg 270,216,363,364,2
001372_jpg.rf.fbc4c27113234e11af4fb1d3cdff433d.jpg 150,254,198,324,1 208,236,296,283,1 365,347,398,404,1
000069_jpg.rf.ffcaaaa879b29aaa2a305ade8757f083.jpg 0,457,373,639,3
000312_jpg.rf.ffd13409d45ed4eca3be23cbb8b0026b.jpg 259,277,278,341,7
000992_jpg.rf.ff88b06a9df7a34ae890c408cb92cd3c.jpg 217,334,298,449,5
001290_jpg.rf.ffa86e2e1ed694892376618ac4262a31.jpg 197,244,235,282,1 409,251,429,327,1
000991_jpg.rf.01f5676d0e3c13175150f842ce12ec98.jpg 221,194,296,307,5
001175_jpg.rf.0001a4b6a9cb32f2854d1f64380c2cbb.jpg 419,92,465,220,1
001097_jpg.rf.02a42f7148f1b6fbc21730dbcf033e57.jpg 292,0,508,218,4
000815_jpg.rf.01d9a41d5ee79a6c335ec14fbd076a6f.jpg 247,313,346,335,2
000155_jpg.rf.0144ee4a1511a25b9aa8336b59bba97c.jpg 29,333,140,495,0 63,497,149,626,0 161,476,247,623,0 140,0,207,155,1
000911_jpg.rf.01201ad2e6f1bb2674100c4d28d940d4.jpg 68,423,155,630,6
000220_jpg.rf.02769791a5b2820f8b3e78c03cff6b03.jpg 0,0,376,640,3
001110_jpg.rf.010b4c4d04182f4bcb04be8ab102ca64.jpg 323,383,423,507,7
000106_jpg.rf.002ada3d7b8244b8bc30cd1ef8a85a9a.jpg 315,361,368,625,1
000944_jpg.rf.00263d7d991356ae6aef1c9ea41080ab.jpg 166,3,536,639,2
000758_jpg.rf.030d70f853e3f2cdde120f6a01eaaedd.jpg 157,176,278,317,6 306,412,377,484,1
001542_jpg.rf.032171294b0e223667c14c0f9ddfbd83.jpg 497,0,639,343,3
000451_jpg.rf.030248aacadf17e8cbd192b11ed4af06.jpg 523,460,629,503,6
000291_jpg.rf.0308937b7be40f2038ebfb92e41c0ed0.jpg 248,397,427,639,3 409,243,487,466,7
001385_jpg.rf.032bd3aa0ca96236244450a55795d59b.jpg
000041_jpg.rf.0339b3df5b4433d48b3bf30bc2d5bb63.jpg 426,77,485,207,2 482,389,535,409,2 400,239,417,271,1
000582_jpg.rf.00b398246a717edecae8e2905ab8b29c.jpg 371,469,433,601,7
001095_jpg.rf.03621c6bf2d594e048381bdf2a6f292a.jpg 0,99,341,555,2
000493_jpg.rf.0325560f717d7b4ee35986799fb65e1e.jpg 250,380,292,429,6 251,330,302,398,6
000250_jpg.rf.04624ff1583f9a3c6555c643e9789951.jpg 271,159,319,315,4 372,1,441,122,4 462,213,638,449,4
001348_jpg.rf.076f6f23470891dcb9ee50e42874bec2.jpg 126,12,249,368,5
001198_jpg.rf.03c3b5595590102ca0a55e37ecf88c6b.jpg 323,360,387,403,4
001022_jpg.rf.04289de9a12612c4267238b44fe92a3a.jpg 400,196,464,295,4 194,289,278,364,4
000437_jpg.rf.07c82061c3c4cb243b6aba3a2b59b576.jpg 271,379,342,592,4
000579_jpg.rf.06a83bcbe17bea005dc5b2e602a39008.jpg 403,249,466,341,1 171,381,219,479,0
001661_jpg.rf.06ca1142a6ff4fe469a35d915694a77d.jpg 74,385,141,619,1
000319_jpg.rf.095a08e3cc0ec3396122bb002d51d831.jpg 411,224,459,290,7
000576_jpg.rf.087b1b782ce2d1bf6ef809bd39ea0a78.jpg 328,297,395,423,5 171,20,235,116,1
001489_jpg.rf.0998778d8622949084a9cf1d76cab8a7.jpg 306,14,437,118,1 46,314,87,419,1
001574_jpg.rf.0490a9b70e9307fe31eb9341916a6e1a.jpg
000698_jpg.rf.09a0be0e815e18205168ae4a53f3b861.jpg 346,93,403,203,0 263,421,306,485,5
000185_jpg.rf.0632a3b75ee02d102e3a30d5fd6b161d.jpg 209,180,383,373,3
000103_jpg.rf.0726646c11bde68d6ea8a2cf7543cd35.jpg 198,250,238,378,7
000213_jpg.rf.067452ac127793d34a8e381e9fad65a4.jpg
001417_jpg.rf.093d3cd87d138f752b7d0a38ff023fe4.jpg 246,283,287,417,1 288,280,335,378,1
000413_jpg.rf.05d366a8c28bae017c6e9eeff414bd6f.jpg 161,0,391,520,3
001359_jpg.rf.098056466b9058f6487694027a5855c2.jpg 251,340,322,426,1 174,423,216,638,1 394,397,446,476,1
001405_jpg.rf.0923ddb726b4d070abf55d3caa600698.jpg 88,20,182,160,1
000358_jpg.rf.04dbf562bbac2726b4931f4ab2c9aa7c.jpg 437,521,484,639,7
000420_jpg.rf.03f880266ed48bb3834751eb42f8dcc1.jpg 361,351,422,449,7 220,43,327,297,7
000586_jpg.rf.09021f6b8479e62966df7b301a62aa50.jpg 374,426,419,435,2 336,388,409,428,2
001476_jpg.rf.067a580d7be23e4bc309c34df3a9fe5b.jpg 145,259,551,531,1
000956_jpg.rf.063ee2a08c62b4c2cdf73bac6aa9a02c.jpg 349,114,560,639,4
000726_jpg.rf.096a4df02534d5ab62b2872354f17add.jpg 0,0,640,615,3
001396_jpg.rf.0a752741c338890b0a3a6165fac46188.jpg 224,228,296,335,1 509,368,554,415,1
000961_jpg.rf.0ca4ab6301d5049dac6d8ec1f1894dbd.jpg 359,220,408,369,1 234,329,282,446,6
001275_jpg.rf.0b8caee9fc4e4587cbbfe85978cdfbc5.jpg 245,61,321,148,1
000817_jpg.rf.0b70d5cb36578a1ab9c89ef1e0e55f91.jpg 277,37,393,335,5
000231_jpg.rf.0b2531ab5b2e1a8a56bb6d0b8a451896.jpg 189,309,209,351,7
000918_jpg.rf.0abf97a0a768cbe278f8f63cba90d626.jpg 245,174,365,406,3
001113_jpg.rf.0d08dffd2c9c0b6b0681bd5f39bfa57f.jpg 263,254,317,355,0
000459_jpg.rf.0c650541a7803f193cac84d4b7319bfb.jpg 283,0,352,78,5
000139_jpg.rf.0c1dd49f97b045dd0818e35b7409567a.jpg 463,579,528,609,2 396,270,457,385,2
000948_jpg.rf.0d5be3b92c08bbda77065ea7b076cf51.jpg 159,6,365,248,3
000878_jpg.rf.0d26ee2f6978651bd86c977864ebffa8.jpg 193,276,284,312,2
001614_jpg.rf.0c5eb441259367082226481eb5e26bcb.jpg 199,69,283,166,6
000015_jpg.rf.0cb0b44c163862de6b3369c6292a8b33.jpg 343,158,370,246,5 506,541,530,616,5 219,183,251,635,2 252,64,435,187,2 329,2,429,157,2
000881_jpg.rf.0cfb619a757e8111827737a44ddbe953.jpg 67,0,275,385,2
000928_jpg.rf.0b3b6145a286148b9e74e51e66af455b.jpg 296,274,343,421,6 407,280,432,352,1
000206_jpg.rf.0b55f9bb126393de50f465cf5ca0b14b.jpg
000119_jpg.rf.0ca832e4b5508b98ad3a6b5f2d918925.jpg 0,0,640,640,3
001557_jpg.rf.0c6f8a900c2ba64755d586e4c530f29d.jpg 301,79,368,285,1 366,14,437,287,1
000339_jpg.rf.0a9593f6d3c8eede8ecdd122b35ee632.jpg 286,421,535,639,3
001144_jpg.rf.0b994453ad4ae33ee29710f3b21526af.jpg 209,297,347,559,4 139,0,226,200,4
000271_jpg.rf.0aa836dda76d587ed549730afcdeeed3.jpg 377,79,498,640,3
001635_jpg.rf.0c6105214060817068190862b5cf1f1d.jpg 152,80,494,635,1
000453_jpg.rf.0d62b19b8f34d89289f0f11776d7cd8b.jpg
000869_jpg.rf.0ccd08214250f563b1b2cacc2379deb4.jpg 156,401,203,539,6
001539_jpg.rf.4d67058b52359e2247f993f0e35fafd3.jpg 263,266,429,544,6
000675_jpg.rf.4eb8003f23d8bdae9b4fa94d2ba68959.jpg 174,351,249,442,6
000634_jpg.rf.4e22cbc566eef522fa08c6549bc28b91.jpg
000442_jpg.rf.4cbefeab504cc42a38d61b8f9b3e2dc8.jpg 199,0,351,504,2
001666_jpg.rf.4dcd46586f75eb1f652e0a290ecc22be.jpg 346,99,386,174,5 269,395,300,531,1
000663_jpg.rf.4ee4e13ff047fa66668b3e66e60d91d3.jpg 263,197,381,449,4
000219_jpg.rf.4d4a0d163026ffce3a92870129881e6f.jpg 192,0,534,640,3 456,81,506,240,2
000201_jpg.rf.4b7a2cedd2f15a5a054f734a1e17b0ce.jpg 264,231,449,405,7 17,269,604,621,3
001506_jpg.rf.4b1d3c97985a1a6ea4ad6010e81959dd.jpg 0,383,103,603,6
001202_jpg.rf.4c3fb152ca2fd031aefbc897ae26fa42.jpg 192,56,640,640,3
000642_jpg.rf.4bff31cf1c4634c729c0bff273ee72f3.jpg
001623_jpg.rf.4e68cfa230e8b6923cec83beed933702.jpg 0,56,512,546,1
000637_jpg.rf.4e4bd7756ea454f97826e0f8d95941d6.jpg 221,454,264,527,6
000690_jpg.rf.4d3445213f14b92c5e0a6f5e7ca1e84f.jpg 311,196,372,289,1 348,391,395,515,5
000865_jpg.rf.4d155599676384412ce7f8fdafaa5c5b.jpg 287,186,401,369,6
000512_jpg.rf.4bd95f4f58cd36798d01475f2721f318.jpg 230,287,261,373,5
001468_jpg.rf.4dc129b7f052acc65b4240359c04f266.jpg 360,110,398,181,1
000266_jpg.rf.4c3e5341594102f423030ac2fca8ccef.jpg
000398_jpg.rf.4da7b34de470cd69a666ece43576f17a.jpg 122,74,398,381,3
001138_jpg.rf.4efd30c64c745a12222391cd0aec0d86.jpg 477,323,639,401,2
000575_jpg.rf.4bc15e2b4ec8d4493a1ed41d256fe7ed.jpg 376,104,449,230,5 220,413,283,506,1
000342_jpg.rf.4ee938037bbe52dcebadcd3877270ce3.jpg 0,0,640,640,3 286,246,332,346,4
000448_jpg.rf.4dad456f9a43f8a8b5dd25c4140d3f86.jpg 250,382,396,508,5
001295_jpg.rf.4b28bebcfce6d1e01d9ab8a7d91522c2.jpg 169,268,201,339,1 183,326,266,372,1
000737_jpg.rf.4ecbeb487611be3c501322150de1c922.jpg 51,0,178,147,5
001104_jpg.rf.4f26e11dfd8db3eba7ed846077f503f3.jpg 80,174,158,518,2
000643_jpg.rf.4b8310d981f80b592bfed09593efec67.jpg
001099_jpg.rf.4f452ea50d6b12406d5d1c0ca090463b.jpg 481,0,511,75,5
001140_jpg.rf.4cddac8288e707631e666857388b68f2.jpg 308,290,383,413,6
000962_jpg.rf.4f817b03882cfa7104d625b5c26fb495.jpg 264,489,381,587,4
001601_jpg.rf.4f81b150f4f1851008a8e972c18208fd.jpg 41,168,547,492,1
001214_jpg.rf.504da38dfba4114dd0b234a40f774197.jpg 0,271,346,639,3
001250_jpg.rf.4fceb32002a9862b7f018e50541e5f4a.jpg 268,89,365,271,5
000421_jpg.rf.515fd46f3726a6c705362c5108787ef8.jpg 334,469,398,544,5 500,234,536,301,1 361,0,611,210,2
000208_jpg.rf.518c82e9c10a9088354fd98eb8460886.jpg 397,34,498,169,0 491,13,579,158,0 500,151,609,309,0
000365_jpg.rf.52c26a8fb5b6fa0fb7623bf96a36ecf5.jpg 212,134,257,202,7
000910_jpg.rf.5122f2610530aed5322fedee4b010c0f.jpg 263,0,538,316,3
000901_jpg.rf.5228095f788938784aebaad6189a3450.jpg 230,488,275,639,1
001089_jpg.rf.50e8ca2d0063c43d80adffd9ff322635.jpg 212,174,281,299,6
000775_jpg.rf.52fd51f27ed9cd42eb8fe927778fe6dd.jpg 307,231,379,355,6
001604_jpg.rf.51d5fd255ac428dfb16654b59fc31d37.jpg 0,214,613,639,1
000714_jpg.rf.53adca77a59c05be957cfb835d7c6cb9.jpg 375,294,448,353,4
000238_jpg.rf.53ac9ed0946b01c5e5d7e734caaebc8d.jpg 180,0,356,166,3
000148_jpg.rf.52da9b1446934fca1883ab91f1c2f218.jpg 141,226,361,380,7 0,0,263,455,7
000510_jpg.rf.50e0f3ee79b988d1d93b45367af438ba.jpg 379,269,414,364,5
001556_jpg.rf.539fa28aed3bdc4f3811f63268448a5d.jpg 268,61,342,287,1 208,15,272,285,1
000794_jpg.rf.52df9802e4b0e80fac9de2374ed94779.jpg 357,212,392,281,1
000308_jpg.rf.519a9514366108279cb5a4f6568d2aff.jpg 331,464,375,506,5
001505_jpg.rf.53c61e0f9a00fa3aa2cb53ffd560a87e.jpg 152,12,200,214,1 221,337,248,421,1
000423_jpg.rf.54329a5ac53c0507df417339712770fc.jpg 543,340,640,392,6 0,194,278,553,3
001615_jpg.rf.5437b98353c775f50ebad525a8cabd51.jpg 97,157,626,639,1
000112_jpg.rf.526d09ae652bef4673ef99b030ed24f7.jpg 306,367,383,470,6
001364_jpg.rf.53f3a1c6d24a259ebd8664c7d4fa9aea.jpg 574,400,616,459,4
000936_jpg.rf.543c35519d74633446f9fd006c79a1bf.jpg 536,39,640,266,6
000419_jpg.rf.54549955466adfdbd3194276b16e4673.jpg 210,339,281,452,7 296,41,420,281,7 257,109,315,223,7
000102_jpg.rf.5455a0eb7160951cc06a4311469b61f0.jpg 192,348,461,519,7
001253_jpg.rf.5474a40f2471a971d385eb3e19ca8c45.jpg 24,271,99,313,1 210,285,238,331,1
000196_jpg.rf.54a48a04b530b1221c1e8b6a8c7bba56.jpg 180,256,357,420,7 27,300,573,633,3
001040_jpg.rf.55304269d95faad42537bdc50c0dc092.jpg
000396_jpg.rf.54a634de17cb80824a7983b17ce79046.jpg 236,14,300,126,6 211,363,278,470,7
001553_jpg.rf.56a98ac0c1759b355a523882d676485b.jpg 421,61,571,101,2
000331_jpg.rf.588ff6e7d878d346ae2b9eeaa80a7931.jpg
000278_jpg.rf.552f0e1b919df8e9055ab33dfbce8699.jpg 363,233,447,429,2 161,81,451,639,3
000767_jpg.rf.55207c350c45522b6ae4b11dcd7cc689.jpg 280,521,349,613,1
001569_jpg.rf.59c504646ae12b8e6746ce8fda871654.jpg 94,0,516,310,4
000254_jpg.rf.5652de8eaca9404d055fa108ce6ab3a2.jpg 0,191,147,478,3 329,297,474,492,3 88,153,195,178,2
000694_jpg.rf.57f8da8057569c4938ea91d1722953b9.jpg 517,444,563,567,0
000024_jpg.rf.56bd7faa289e35edd8768fd1b10d6b99.jpg 160,0,263,293,7 121,270,179,372,3
001628_jpg.rf.57337482b1f707a99ab70f3afa3aeb78.jpg 166,52,480,584,1
001164_jpg.rf.5942531dbbc930d642a0c832b9bd8f68.jpg 0,108,67,278,1
000186_jpg.rf.58c6ca5f93dc812ed154abde8ced228b.jpg 199,270,386,464,3
000818_jpg.rf.57d13f6341636ee589f13094e6b28d6e.jpg 244,37,362,335,5
000070_jpg.rf.5918de5d8e2e877b5fedc108d6920c9e.jpg 283,454,640,639,3
000525_jpg.rf.59672f0e73aba25ac5dd93308f00f351.jpg 280,294,326,432,7 179,293,217,466,1
000402_jpg.rf.59f1dc192276d8e4e33a9a78a0c2075b.jpg 397,223,447,312,7 358,569,422,640,6
001352_jpg.rf.59b79f98a08bbd7caaca38cbaa4372f4.jpg 95,28,325,499,6
001309_jpg.rf.58f8bf9f296bb2ce849b23e40bb54e2d.jpg 324,279,353,355,1 76,267,120,310,1
000742_jpg.rf.57de0ac8278dde3717a0266f6865db09.jpg 128,426,345,640,3
000551_jpg.rf.5a6f9dbb4f9381f5a9282c37de898d26.jpg 267,119,347,374,6
001391_jpg.rf.5a122292bd00245985c3126822be0c2c.jpg 0,466,53,640,6
000832_jpg.rf.5a7bab3bb97c1d22981f829b3378a162.jpg 179,468,298,639,3
000277_jpg.rf.59fae57e835cd65321a363d4918fce2b.jpg 92,311,260,482,7 95,519,141,569,5 0,220,93,620,7
001415_jpg.rf.5b74b36edef04de6044dfc01a043b3a2.jpg 351,224,390,356,1 304,264,350,367,1
000556_jpg.rf.5ad72e409fe9c9d46ab42b7cbc946290.jpg 175,151,245,287,7
000622_jpg.rf.59fea47620dd7b87590104dd388ebf28.jpg 160,259,449,506,1
000001_jpg.rf.5bbdf1f628372225da1aa684234f6b4d.jpg 266,358,346,434,1
000488_jpg.rf.5c856a9b35386ed8c11aa16de7b01fbe.jpg 368,111,419,215,7
000142_jpg.rf.5c1ea9e0122a11ac98bbe3a2fe1b947e.jpg 317,16,369,266,1 155,313,228,432,6
000577_jpg.rf.5cba707dc7aa742b66222dcbf3fa80ea.jpg 423,187,466,264,0 174,298,242,398,1
000050_jpg.rf.5cff8c402978aef6072c5d044f5481d6.jpg 324,154,444,481,7 394,496,446,592,3
000455_jpg.rf.5da50e76d694b097259a11da2b8319f7.jpg 243,221,313,344,5 404,527,470,621,1
001644_jpg.rf.5d8f5b86baf7bac3877a837b1167345f.jpg 80,11,366,639,1
000097_jpg.rf.5cf391134be401275a5eda322db4d668.jpg 528,150,587,228,7
001213_jpg.rf.5ea43c23250a15c4ec387af8a4512898.jpg 296,274,640,639,3
000124_jpg.rf.5de1956b17fe85a0da925f0c89991acc.jpg 277,420,346,640,1 197,76,289,232,0 209,0,361,87,0 296,0,403,90,0
000527_jpg.rf.5c264c5e0b7a3e807e45138c7e0ba72a.jpg
001571_jpg.rf.5c5b7ab62164e4ef5040c5042fda2a13.jpg 161,269,445,504,1
000042_jpg.rf.5f512dfdda41875f2d9e70ba690fedcb.jpg 398,360,416,402,1 423,435,489,568,2 479,225,531,266,2
000393_jpg.rf.5e29c3cd8db42947c1a0270a8b8f5121.jpg
000571_jpg.rf.5f6d702700b4e6509185b185135b4437.jpg 128,334,212,396,2 608,503,639,546,7
000617_jpg.rf.5d1d0e3bfb7bdfa2821632008de47ca6.jpg 159,159,251,172,2
001062_jpg.rf.5f29d13281d3fa5edade523184f8a99c.jpg 377,177,417,285,5
000812_jpg.rf.5e2f762c6504c35422ccb362e3849b50.jpg 334,0,518,640,3
001280_jpg.rf.5fd867e950c9f1cb7d6331e1b81bc6d5.jpg 372,110,411,175,1 375,111,445,247,1 581,239,622,317,1
000180_jpg.rf.5fce74f90cf0e62fbd962563aa028006.jpg 215,269,412,421,7
000964_jpg.rf.5d2551ca86abfde4e50de69897074be5.jpg 532,141,640,267,2
000536_jpg.rf.5d2a7d86702ccf384f0ebacfa358d60d.jpg
000821_jpg.rf.5feed5e875d8aee1ca697ab5e4c97fbc.jpg 185,142,438,294,2
000509_jpg.rf.5f52b3c7c856192132c7d243ad97f117.jpg 228,77,525,401,3
000538_jpg.rf.5eaa47d9f649e5dc9f87a6e819945186.jpg 434,323,475,477,4
001570_jpg.rf.5fdd75625917d5370f08980c253c3a42.jpg 0,375,110,501,2
000200_jpg.rf.60e2b1db1a086403a0e19a790da1cb18.jpg 278,289,342,366,4
001579_jpg.rf.611868282adb827bbc0624c1cf7f9b8a.jpg 77,80,389,618,1 311,166,576,404,1
001181_jpg.rf.61b9cc583af28b8bdeaa0f6908987b21.jpg 337,440,463,476,2
001235_jpg.rf.62902677d7fb4600027c36496e5743ea.jpg 254,466,321,575,1 374,596,444,640,1
000167_jpg.rf.6276304aeab8cbfad93f47e14d8c98d6.jpg 314,278,358,408,2 378,107,444,130,2
000511_jpg.rf.637b51ae14e513fa0b8f9ab0ff91acc7.jpg 380,288,410,378,5
000175_jpg.rf.6343b8aaa87f9eaeebc71831ec861616.jpg 0,194,189,378,7
000391_jpg.rf.62435f9d0aa39b70ea029ac2d9dadd48.jpg 400,48,450,195,7
000806_jpg.rf.618b6cbc1d0c535037d6a3d5a8314336.jpg 156,0,637,475,3
000337_jpg.rf.615669eedc635f8dbf509801795664a3.jpg 254,235,376,421,3
000135_jpg.rf.61b0f26d878ad91f6b8e7f7593002843.jpg 0,0,487,640,3 431,379,509,640,7
000441_jpg.rf.645656f5442d7217608c3e3bc1c7eb47.jpg 0,0,350,233,3
000822_jpg.rf.63bc685810190c261ec0878ef0a7290f.jpg 202,140,454,295,2
001132_jpg.rf.64f33abbf8ace7db2ad4011d8fbe7702.jpg 259,28,348,128,1
000591_jpg.rf.6395e88349eb3806c90bc90900e269e6.jpg 320,347,363,407,5 226,12,283,124,0 270,375,308,478,1
000225_jpg.rf.6305d304cf964972635817c6e9b61480.jpg 159,0,594,640,3
001366_jpg.rf.62b9d66d514b97c69e38adc03f280009.jpg 554,0,587,58,1
001148_jpg.rf.64169ac9dd40c93b16d59a4b8bae40a1.jpg 448,396,492,494,4
000173_jpg.rf.61a90d0817853c30b40b117b2bc62699.jpg 358,293,636,461,7
001197_jpg.rf.6568bf9d0b90c0aa1ae4b676a543afea.jpg 252,363,311,401,4
000966_jpg.rf.6511ed83391e3c8c74d6ed10f6ff524b.jpg 279,492,374,640,6
000945_jpg.rf.63859d2f41dd62ae011e48ae1adb4601.jpg 99,2,465,632,2
001122_jpg.rf.6598fe4c1449461bc098acfbdb482522.jpg 588,341,639,605,2
001023_jpg.rf.64843b32b030cd67c6250ca83fad0e2a.jpg 324,490,353,532,5 312,541,354,601,5 393,123,433,211,5
001626_jpg.rf.65f5ababfcefadc4805b51098fcb2d50.jpg 39,74,111,159,1
000162_jpg.rf.63f115bbb3eacb61b0a6f13b47fd11f7.jpg 266,0,640,640,3
000083_jpg.rf.64942d29c9a39db9874bc4883508adc8.jpg 117,219,136,288,5 323,531,350,631,5 373,68,479,555,2
001646_jpg.rf.642e8e1bd65f3e27f813c1b835ca624e.jpg
000687_jpg.rf.65f8ad7403b3c56611c67d9978b1b989.jpg 454,229,570,477,5
001074_jpg.rf.6613595557bafe385406aba275186de2.jpg 318,0,402,83,1
000191_jpg.rf.6607dc7ce3ad512ffeeccadd6122dab4.jpg 269,316,320,477,4 489,191,640,430,4
000716_jpg.rf.67a22006aaebc2861c41411139d99d08.jpg 523,119,580,160,7
001371_jpg.rf.673551dd09cb546e93cb6862a1e4c6ef.jpg 363,239,401,298,1 209,359,297,409,1 148,317,198,389,1
001392_jpg.rf.67ec4c631f6f94d2822c3ea182e76e2a.jpg 0,0,53,170,6
000161_jpg.rf.664d2250dc523defce58311db2202810.jpg 100,189,170,302,2
001358_jpg.rf.692f961b9ec124b742a4f0db1bc57d0c.jpg 303,183,389,427,3
000049_jpg.rf.67a4e7fb56477f4757823b27c9bfde0d.jpg 400,46,444,147,3 326,151,435,376,7
000214_jpg.rf.68453a069130089e30eec151591b629f.jpg
001178_jpg.rf.66d9a4774b2dfbd67a83e78b245b9f2e.jpg 17,83,184,192,5
001125_jpg.rf.66f07461457a8d439c1bb2903a3824b2.jpg 529,426,581,509,1 396,549,512,640,4
000529_jpg.rf.68eca18677b4887b3d1297517722ae90.jpg 180,194,241,287,7
000633_jpg.rf.661d0530f0f05d7b8acf0619e4b0e844.jpg 243,26,312,160,7
001387_jpg.rf.67c735ca816a1284fba4054059648119.jpg 103,501,232,631,1 199,324,237,479,1 346,343,406,443,1
000349_jpg.rf.67bc76d274c6d92869df4cf8ee866d82.jpg 388,0,599,260,3
000334_jpg.rf.6ab963db6c0633badd39899c2163bfc3.jpg 297,315,369,591,4 397,114,639,639,3
001612_jpg.rf.66059ea5ab937f8c68942d0a2e867ed2.jpg 50,177,578,530,1
000969_jpg.rf.6a8241a9acd5fea242d2693ac2c477fe.jpg 419,120,443,370,4
000356_jpg.rf.688adf0b1183f5d20ce94b6afb81cea4.jpg 417,43,536,210,3
000882_jpg.rf.6968d4eafc77a0936c3dcae5fa02a7ef.jpg 0,0,640,590,3
001457_jpg.rf.6a9a9c6adacf6ab3be1f0767902e4018.jpg 219,132,258,197,1
000430_jpg.rf.680eb1ee5fc0df7650354aa6d0ec6a88.jpg 257,24,363,153,7 267,182,330,278,7 379,285,497,555,7
000568_jpg.rf.6a0e8c2c4d9b3aeeb58fcdfc9f741571.jpg 250,94,395,289,5
001155_jpg.rf.6b1be20f6a2525a310e4a0af63e249a1.jpg 520,356,575,569,4 123,223,155,321,4 459,224,543,270,4
000544_jpg.rf.6798e4c1edf202c5715a818df3373629.jpg 409,337,640,639,3
000258_jpg.rf.6afce62ec97e3791aebbb0620787db72.jpg 243,252,287,380,4
001425_jpg.rf.66757e408c17524e94d3d807440b2e40.jpg 210,209,318,301,4 86,324,138,379,1
000778_jpg.rf.6b060ee91d0ee4866f012a5e0e5be5d4.jpg 289,83,429,357,4
000532_jpg.rf.6cd5b1d1e63e5f9c0d28ebc69a84c96b.jpg
001502_jpg.rf.6c06ab15bb38e040e4bcb4b5c9bcae1f.jpg 309,0,354,129,1
000004_jpg.rf.6feaf7f4755f8a59e21133dbb9eca0dd.jpg 270,203,345,293,1
001627_jpg.rf.6c84b65dfd47f6535a4a41c56274fce6.jpg 155,60,481,589,1
000583_jpg.rf.6c7c072abe027b826c1676265af86660.jpg 206,454,300,602,7
000369_jpg.rf.6da267a0a18cd9e9fa9012bde52cb00e.jpg 185,0,458,252,3
001027_jpg.rf.6c9670cbc3555af8c26798e8fda99b96.jpg 320,377,369,583,1 443,300,492,423,6
000997_jpg.rf.6cd168ef9ede69cdf35c4786d83bf808.jpg 343,521,444,639,1 341,566,421,640,1 381,520,436,640,1
000700_jpg.rf.6e59b2a3f23abff4281c9aa055ecfa1a.jpg 272,309,337,377,4 217,260,336,376,4
001472_jpg.rf.70551fc1ac7174f56761cda4ad71efc7.jpg 392,100,434,175,1
000862_jpg.rf.6d6606d1b13e4d8dea8f709f0ca987a1.jpg
001526_jpg.rf.6c6f72204fc9f651ce8f2445ffe6b492.jpg
000495_jpg.rf.7010fe979035ba4b066826f1afb9160c.jpg
000078_jpg.rf.6d41d298292b782dfa3158a5653c28bc.jpg 382,379,454,430,7 109,366,231,442,2 504,365,594,380,2
001572_jpg.rf.6d8892a75c6056b292bf8eafb7721cc0.jpg 161,139,447,378,1
001069_jpg.rf.6efbbf622532ffe507d9d90f05d2d745.jpg 0,300,640,640,3
000424_jpg.rf.6cb424e3b36bc94e8b80f9c8a0798033.jpg 5,351,91,395,6 0,0,260,416,3
000846_jpg.rf.6e3241b4ee28ed674dac23b1b8b45c10.jpg
000943_jpg.rf.70775b2894b429804fed81b351015bbd.jpg 169,8,538,638,2
000771_jpg.rf.6e61a08c22f1a6680ea18c9c67aae508.jpg 317,228,438,372,6 121,400,216,481,1
000384_jpg.rf.6f56dc606cf12473f4a4f9cd648f4bcd.jpg 297,130,367,401,6 284,0,639,640,3
000034_jpg.rf.70785770d171bd90e0fc7df76ee9ea61.jpg 225,209,478,351,2
001222_jpg.rf.6ecd0ae93f98668d27d4c255536d7885.jpg 472,193,623,386,5 0,211,327,358,2
000739_jpg.rf.6faacb452d33dff95d1059cd17ccca6a.jpg 475,481,589,639,5
000971_jpg.rf.6ee6841b60a85163040fc0889bf4dc85.jpg 353,420,409,540,1 180,223,230,297,5
001291_jpg.rf.70f8842258308319abb85b6af6924a22.jpg 320,129,389,309,4
000934_jpg.rf.72f29758675d5341989f303f20f8adf4.jpg 181,119,293,414,2
000820_jpg.rf.711b956e92a87930d18275fb9dcd1e32.jpg 185,341,438,501,2
000572_jpg.rf.7279a996103085801e1173b3fffd16de.jpg 5,136,118,186,7 283,3,640,375,3
001263_jpg.rf.71e79acea72cd93af3951f6f33c80992.jpg 369,586,421,640,4
000003_jpg.rf.717a772246ebd76a5719aa5868950699.jpg 297,202,368,292,1
001079_jpg.rf.71e9ed9b13cd31517688b6b07252ac35.jpg 440,250,476,347,5
001374_jpg.rf.7355da3e7e6d45295a3daa59b4a4351d.jpg 210,426,252,515,1
001342_jpg.rf.734a74971f4b759cbf44fde03b8821a2.jpg 211,240,336,395,6 0,204,55,273,1
001258_jpg.rf.7242d9f48e69faeb6b3798246092444d.jpg 343,21,469,227,1 246,266,304,326,1
000836_jpg.rf.73472b1e0142eff8c4812a9127abb7db.jpg 357,60,393,129,1
000099_jpg.rf.70c3e4352ee7bc088d02e0e851592fc9.jpg 340,150,463,634,2 83,309,111,386,5
001447_jpg.rf.734c199146c6b8d267ab211bc9fa7280.jpg 60,499,181,594,1 432,347,477,404,1
000077_jpg.rf.70f09036a00b736419f48336d3f0b8c0.jpg 54,364,141,377,2 206,386,257,423,7
000989_jpg.rf.739aacef62e9a8c8254d9d95d3d1fdfc.jpg 500,116,572,229,6 263,141,313,239,1
000602_jpg.rf.70bb98d2c30a37d91049b92711565322.jpg 246,287,341,433,6 521,563,564,632,1 327,619,375,640,1
000074_jpg.rf.7260fbee9971e603ac9a1019d64b2ba5.jpg 363,231,398,294,5 322,15,346,107,5 386,74,481,522,2
000480_jpg.rf.7305e731583a2652c473c292e0e8730f.jpg 353,285,435,415,5 220,189,280,289,6
001462_jpg.rf.73aef92cfcd0b8caadb76b80e78937e5.jpg 130,177,321,468,3
000368_jpg.rf.742cd642ad8b8d335f6812dc0da3db86.jpg 0,101,133,307,3 34,381,569,639,3
000411_jpg.rf.726404931cee732670f1edf366b0c501.jpg 316,208,366,356,6 286,0,640,640,3
000109_jpg.rf.7444d8cc77945d395ebbed3ac449794b.jpg 306,274,415,516,6
000754_jpg.rf.757008e640cf7abac686d816c4e5c9cc.jpg 94,92,127,254,1 66,465,160,546,1 483,0,538,86,5
001558_jpg.rf.7225c3aaf827b3674a8b0ee10da9c08f.jpg 341,145,497,403,3
000620_jpg.rf.7546c448a9be131de337299ff3a41892.jpg 368,428,419,535,7
001171_jpg.rf.739eaf7619b94d2b82bd1eed7edf4be8.jpg 416,20,640,600,3 180,54,387,298,3
000456_jpg.rf.742d36940650235f7a4a4297e4b1c806.jpg 324,221,399,347,5 173,529,238,621,1
000141_jpg.rf.74f9affa341bb00a1faa935dafdfda96.jpg 181,255,240,371,2 117,26,193,77,2
001158_jpg.rf.7784d6124bbb746ec44189efdd43e450.jpg 574,0,639,319,2 269,194,337,366,1
000443_jpg.rf.786d2cd2b28e447dde38539186379baf.jpg 214,39,382,640,2
000744_jpg.rf.7a39dbc441700b80ec34b04d3d7095ba.jpg 169,166,226,266,0
000658_jpg.rf.7902f9c6e1c18a13d64018af0be101fc.jpg 286,368,369,396,2
000273_jpg.rf.78a5e1748f6b33e6ccae001cc50ff294.jpg 159,86,263,561,3
001650_jpg.rf.778e3af2afe47142e2f9bf05f5374b23.jpg 403,274,507,639,2
000814_jpg.rf.78799cbca0ce75ef2fb709d5de5c6f02.jpg 123,0,301,640,3
001288_jpg.rf.7a86baa930503d3bfedcb633f6ab4a88.jpg 211,316,233,406,1 404,359,439,398,1
000085_jpg.rf.78a087bd96e11a5d905902a13c46c3e1.jpg 537,251,563,331,5 175,4,301,488,2
001549_jpg.rf.79c99ea81bf5af4ef23dab92f11ed3db.jpg 98,171,242,262,2
001088_jpg.rf.799a63bb920d20fb47cde93917387c89.jpg 514,297,550,435,1
000470_jpg.rf.7aa872b5666db64698f8c8731c76d512.jpg 264,421,322,527,7
000774_jpg.rf.7724636bd403fb2db0c624becb687695.jpg 263,223,335,356,6
000452_jpg.rf.7ad44ecd37db7d34ecf5767fbbde1d29.jpg 9,457,129,506,6
000454_jpg.rf.7a8b6409ae9c562474415c6e937cba4e.jpg 244,295,316,425,5 403,17,472,118,1
001308_jpg.rf.75ac622aafaa4ef743606960c9cd62ff.jpg 290,279,315,355,1 519,271,566,310,1
000619_jpg.rf.78488bf95c1f973402611cc31bbd768d.jpg 406,464,481,479,2
000593_jpg.rf.7572a51b8722b81ac1ee43804f68374d.jpg 276,232,338,268,2 506,198,606,225,2
001524_jpg.rf.7955c43c91e7f54980536221bbf013c5.jpg 171,283,375,615,6
000807_jpg.rf.78440d8f075e41b00568636dca9806c5.jpg 204,420,267,496,1 71,337,136,458,1 106,591,140,639,1
001238_jpg.rf.77ef4d3d2c1a2baf680896919f591ffe.jpg 357,270,379,321,1 491,260,536,313,1
001395_jpg.rf.798014bcda14863fc134cf95a7d1e62e.jpg 223,306,295,401,1 509,227,551,270,1
000205_jpg.rf.7b13938eb42c1f06c22545da4a22ba80.jpg
001510_jpg.rf.767c7f811b5dc06c15a3938331fbf1ff.jpg 269,248,344,342,1 383,371,452,472,1 292,474,343,639,1
000361_jpg.rf.792d2d698c551bda2345327ed9fa293c.jpg 197,200,483,640,3
001443_jpg.rf.7cc93caa95f6dea45c02762a90f8289e.jpg 109,280,174,403,1 337,172,367,220,1 109,385,147,508,1
000638_jpg.rf.7f79601fdf16e517140c51eed64440bd.jpg 217,103,279,212,6
001651_jpg.rf.7b39d6d4c45118dbd9fd8f2111d78b25.jpg 344,194,421,306,5
001629_jpg.rf.7bb6e02369332b74a4d4120862d68916.jpg 159,52,478,584,1
001157_jpg.rf.7dd8d7c9f3f6c184c5ed5c23ea5e78e6.jpg 303,194,367,362,1 0,0,75,333,2
000063_jpg.rf.80e601dae623b07835140511c5a94a34.jpg 205,364,267,435,1 64,284,131,383,1 85,556,139,633,1
000827_jpg.rf.7fecc25eb374e20b55a13b9fb16ab72c.jpg 374,453,421,529,6
001637_jpg.rf.7e46a0c356b2ea27951e81f98babdffc.jpg 150,8,487,551,1
001012_jpg.rf.8183d3b7c18802d81146c9f360a9c318.jpg 493,16,569,254,1
001697_jpg.rf.80a2220b381402550a63b8865aeaf5db.jpg 357,66,479,160,4
000879_jpg.rf.7cf28c9f317e4283eb674c9e17a244da.jpg 349,3,470,272,2
001086_jpg.rf.7bf90fd16a4260e98b5ed0e7ac28bfaa.jpg 79,206,129,343,1
001217_jpg.rf.8166c0bea112866561b8137535872cfe.jpg 188,251,216,333,1 270,289,298,334,1
000914_jpg.rf.7fe0e51fbdaaf5caebc2c59e6987cab6.jpg 190,342,241,394,6
001028_jpg.rf.7f3ca816192d53377c0b132e85ffb7a9.jpg 317,83,372,267,1 445,219,491,338,6
000166_jpg.rf.7e965514b47dc99dc21223e898775d17.jpg 314,227,368,355,2
000516_jpg.rf.80a587d45d8faf679b97f1fdff45467a.jpg 361,464,391,521,1 146,0,183,76,5
000734_jpg.rf.7b63138498ab2b2fed9d9b3be10c2c7a.jpg 361,339,430,472,6
000151_jpg.rf.8300cbdfc5c804b5391c8c4e358e964d.jpg 300,346,416,506,5
000289_jpg.rf.805401bd3d31a988f3e7ade35a1315b3.jpg 394,296,487,495,2 189,0,429,640,3
000071_jpg.rf.836fdccbfa5d5b9565ff736ac9dfb154.jpg 233,189,283,317,5 208,369,282,577,7
000364_jpg.rf.828a2ceb03a657129a160954821e8603.jpg
000731_jpg.rf.8163bc7558225d4bd045352ff2052865.jpg 0,0,169,640,3
000011_jpg.rf.83ce22890e5422f8cfd0bcdc4195fe43.jpg 535,134,593,184,2 502,351,570,462,2 473,286,496,321,7
001437_jpg.rf.84409a1de745634e5225d32a6ee7eea7.jpg 360,163,464,252,1 76,341,129,388,1
001032_jpg.rf.7d00e5a051ffd64e9a38e93074d53ce2.jpg 356,177,401,290,5 427,582,469,639,5
000410_jpg.rf.810db56d711a1d079b8a03b05705b1a0.jpg 314,286,362,434,6 311,0,639,640,3
000267_jpg.rf.84d837a921dc401004e4fcaf1f5ed26f.jpg 0,93,404,326,3 454,131,639,569,3
000752_jpg.rf.844aba1c7972711cf67303c1dd0e32d1.jpg 233,222,295,254,2
001234_jpg.rf.861448bfb2b26199877997bb1544cf79.jpg 246,62,278,134,1
000076_jpg.rf.85fe9c78f32308b22148d5d80ecb80b7.jpg 180,205,268,258,7 53,258,141,270,2
000363_jpg.rf.85caa3a6b92a9ed0a3736d9d01b645c3.jpg
001426_jpg.rf.85da9b0e0cc06000fe3950e592ecfb56.jpg 123,521,206,639,4
000626_jpg.rf.847befd4c849fc1d055ec597eb041a67.jpg 254,240,326,378,7
000367_jpg.rf.863e74936a596738888b0b1a1255e1bb.jpg
000787_jpg.rf.84fb8be8c5c2dd5460075d93e494e4e9.jpg 122,3,337,637,2
000436_jpg.rf.858b690a902bf7f33dd2f36aef0b998d.jpg 0,417,90,464,6
001219_jpg.rf.85b4f72577e94f8d2d12f3d016bfd8c6.jpg 257,0,316,106,0
000390_jpg.rf.84793d552a8cf58c11701b2d260c050f.jpg 400,448,450,565,7